ir,red
110178,98820
110093,98768
110201,98910
110247,98881
110260,98872
110200,98866
110197,98812
110332,98903
110372,98973
110330,98930
110332,98887
110250,98825
110412,98986
110495,99007
110409,98983
110396,98892
110400,98911
110532,98961
110528,99053
110495,99011
110473,98955
110428,98990
110634,99016
110622,99086
110634,99010
110602,98999
110581,98991
110687,99103
110734,99079
110759,99109
110735,99045
110682,99051
110778,99122
110817,99195
110809,99095
110755,99128
110772,99060
110863,99204
110891,99204
110932,99170
110841,99138
110866,99091
110945,99221
110984,99175
110905,99199
110835,99125
110771,99057
110843,99164
110804,99106
110650,99018
110540,98936
110355,98919
110408,98952
110241,98871
110100,98742
109973,98663
109842,98621
109781,98673
109672,98604
109544,98543
109409,98419
109299,98392
109312,98424
109184,98418
109096,98282
108922,98254
108875,98171
108913,98226
108887,98281
108777,98137
108647,98128
108554,98062
108685,98194
108635,98153
108571,98089
108490,98065
108462,98007
108594,98113
108525,98089
108492,98072
108456,98014
108413,98020
108572,98171
108515,98128
108529,98114
108390,98058
108450,98026
108543,98121
108567,98167
108566,98075
108487,98064
108514,98035
108642,98150
108698,98179
108650,98130
108590,98126
108689,98111
108796,98231
108844,98265
108783,98213
108774,98182
108793,98240
108921,98316
108972,98299
109010,98275
108954,98275
109040,98301
109091,98373
109186,98398
109143,98396
109078,98293
109138,98356
109270,98409
109223,98434
109175,98338
109142,98326
109154,98344
109183,98405
109213,98372
109171,98368
109113,98270
109138,98369
109204,98394
109220,98371
109162,98317
109099,98324
109128,98311
109211,98401
109180,98392
109121,98353
109043,98320
109151,98306
109210,98422
109144,98360
109152,98322
109073,98293
109175,98312
109263,98454
109221,98374
109229,98395
109160,98310
109243,98379
109332,98464
109270,98420
109326,98409
109201,98369
109376,98427
109452,98460
109416,98501
109442,98452
109324,98433
109510,98488
109592,98550
109561,98537
109515,98541
109486,98452
109584,98544
109631,98586
109676,98561
109659,98595
109581,98459
109764,98635
109834,98639
109782,98658
109830,98584
109711,98582
109890,98621
109967,98765
109955,98659
109979,98699
109853,98648
110050,98710
110053,98794
110076,98725
110074,98769
109987,98633
110122,98807
110168,98842
110163,98791
110214,98756
110137,98688
110200,98851
110272,98870
110305,98833
110258,98863
110209,98713
110342,98896
110410,98904
110400,98880
110400,98855
110288,98821
110460,98957
110492,98925
110544,98986
110542,98912
110452,98881
110559,98994
110676,99000
110654,98957
110637,99002
110540,98906
110754,99023
110817,99123
110786,99061
110783,98985
110756,99008
110864,99128
110945,99092
110903,99133
110897,99067
110851,99075
110984,99149
111095,99163
111035,99118
111023,99109
110952,99051
111065,99163
111143,99193
111075,99149
110939,99076
110867,99005
110837,99098
110865,99047
110662,98991
110446,98888
110320,98774
110331,98750
110236,98753
110054,98670
109867,98533
109678,98497
109697,98546
109629,98440
109457,98411
109301,98294
109197,98247
109202,98259
109172,98244
109063,98227
108929,98120
108801,98091
108923,98187
108847,98172
108795,98071
108736,98038
108636,97989
108713,98033
108731,98073
108650,98026
108564,98033
108567,97971
108607,98087
108601,98115
108571,98034
108542,97978
108560,97977
108626,98062
108686,98113
108591,98033
108605,98025
108571,98034
108708,98132
108672,98113
108673,98089
108601,98014
108602,98017
108715,98145
108784,98140
108696,98108
108708,98034
108678,98061
108857,98150
108877,98216
108823,98165
108835,98122
108839,98180
109007,98272
108986,98275
109045,98226
109034,98235
109068,98231
109100,98340
109197,98300
109120,98327
109074,98249
109138,98263
109207,98310
109259,98375
109220,98312
109162,98280
109134,98265
109257,98373
109240,98350
109189,98351
109072,98281
109143,98256
109263,98351
109186,98336
109160,98325
109097,98233
109130,98271
109212,98377
109168,98333
109157,98275
109114,98222
109127,98299
109256,98353
109181,98345
109185,98288
109112,98223
109144,98297
109234,98394
109203,98303
109218,98355
109158,98295
109175,98308
109343,98392
109333,98369
109277,98319
109257,98299
109336,98353
109363,98434
109414,98443
109390,98381
109300,98405
109414,98370
109465,98485
109480,98449
109505,98410
109422,98426
109498,98464
109580,98541
109635,98507
109600,98532
109519,98470
109632,98506
109712,98587
109773,98554
109729,98579
109637,98522
109795,98578
109881,98657
109859,98639
109860,98657
109779,98556
109946,98626
109972,98654
110017,98695
110029,98697
109927,98638
110017,98692
110073,98737
110124,98682
110108,98750
110031,98623
110161,98789
110258,98771
110247,98767
110166,98737
110115,98716
110265,98749
110345,98867
110369,98790
110360,98782
110245,98776
110411,98811
110461,98863
110474,98870
110424,98852
110362,98768
110571,98881
110577,98974
110573,98873
110577,98941
110492,98867
110617,98953
110718,98960
110714,98979
110678,98992
110565,98875
110776,98974
110799,99062
110856,99006
110828,99054
110743,98971
110887,99077
110933,99095
110940,99041
110928,99073
110803,98970
110957,99069
111039,99105
110960,99040
110900,99037
110763,98946
110878,99029
110831,99011
110681,98955
110556,98883
110308,98728
110347,98761
110233,98692
110081,98638
109930,98575
109645,98427
109713,98468
109638,98445
109491,98375
109391,98281
109196,98203
109215,98247
109116,98225
109066,98157
108917,98119
108774,97983
108830,98131
108832,98120
108717,98052
108612,97982
108543,97916
108652,98038
108658,98028
108521,97978
108474,97933
108437,97890
108506,97974
108531,97982
108523,97944
108490,97934
108382,97932
108544,97986
108532,98009
108528,97961
108437,97959
108406,97884
108590,98020
108545,98011
108496,98011
108520,97917
108484,97925
108620,98038
108593,98036
108634,98025
108565,97992
108519,97952
108683,98034
108763,98087
108679,98072
108716,98063
108692,98034
108841,98092
108933,98207
108927,98185
108874,98158
108917,98107
109016,98227
109028,98239
109090,98211
109075,98151
109005,98210
109152,98221
109172,98325
109130,98286
109071,98227
109112,98212
109166,98299
109238,98309
109145,98264
109097,98186
109089,98190
109232,98276
109252,98284
109134,98270
109115,98163
109133,98186
109154,98291
109172,98281
109199,98256
109131,98163
109108,98222
109156,98296
109196,98271
109193,98231
109083,98179
109091,98223
109271,98274
109283,98330
109176,98296
109175,98244
109142,98245
109349,98333
109281,98356
109268,98291
109290,98256
109304,98280
109416,98363
109413,98446
109432,98380
109336,98314
109441,98335
109494,98413
109582,98485
109519,98446
109506,98393
109541,98439
109640,98476
109723,98511
109706,98477
109589,98439
109702,98487
109838,98548
109817,98546
109829,98565
109753,98508
109829,98515
109906,98647
109886,98618
109927,98556
109854,98577
109944,98564
110069,98700
110050,98667
110033,98664
109981,98582
110040,98650
110213,98723
110153,98731
110189,98660
110107,98652
110154,98713
110275,98750
110321,98788
110270,98703
110238,98696
110287,98746
110446,98866
110440,98830
110387,98781
110349,98703
110456,98851
110586,98849
110521,98827
110570,98863
110479,98746
110547,98889
110669,98904
110648,98880
110668,98896
110615,98861
110695,98954
110824,99035
110856,98982
110819,98984
110731,98905
110889,99000
110960,99023
110958,99064
110936,99019
110921,98958
111038,99076
111140,99095
111030,99105
111052,99050
110966,99019
111038,99037
111138,99074
111001,99071
110963,98976
110735,98905
110795,98890
110706,98925
110512,98789
110382,98699
110147,98560
110133,98645
110070,98566
109880,98529
109717,98412
109576,98293
109571,98373
109553,98329
109329,98285
109235,98159
109086,98076
109070,98164
109093,98132
108968,98107
108920,98017
108764,97967
108807,98015
108786,98059
108750,97970
108663,97979
108548,97845
108680,97983
108627,98014
108647,97971
108555,97947
108466,97874
108630,97986
108620,97974
108641,97938
108630,97949
108525,97920
108679,97966
108639,98004
108691,97982
108653,97990
108556,97904
108703,98028
108715,98034
108754,98039
108714,98017
108612,97924
108781,98077
108863,98055
108831,98092
108843,98001
108789,98029
108960,98138
108989,98129
109020,98166
109029,98141
108979,98096
109187,98207
109173,98246
109209,98189
109220,98188
109151,98217
109253,98273
109373,98278
109367,98293
109325,98221
109260,98239
109372,98308
109405,98327
109410,98270
109375,98278
109307,98181
109399,98353
109455,98304
109352,98324
109305,98219
109268,98225
109418,98338
109373,98285
109415,98290
109326,98230
109276,98234
109422,98331
109451,98318
109426,98278
109351,98244
109263,98223
109435,98293
109479,98359
109405,98314
109420,98261
109369,98233
109547,98349
109531,98354
109538,98333
109520,98321
109467,98296
109623,98437
109647,98394
109644,98413
109566,98370
109614,98358
109696,98469
109807,98473
109723,98434
109777,98425
109737,98442
109867,98531
109928,98594
109926,98479
109831,98510
109887,98469
110078,98615
110096,98643
110046,98570
109989,98519
110044,98591
110162,98631
110176,98645
110225,98657
110161,98621
110176,98611
110284,98705
110328,98695
110359,98692
110241,98650
110349,98676
110409,98783
110456,98812
110450,98749
110435,98744
110437,98735
110617,98850
110596,98833
110537,98807
110549,98737
110618,98839
110682,98918
110698,98879
110744,98885
110680,98814
110730,98900
110777,98945
110908,98955
110792,98934
110794,98843
110849,98886
110962,99001
110963,99029
110956,98941
110946,98946
110968,98998
111071,99090
111080,99019
111138,99052
111038,99006
111128,99074
111257,99145
111233,99098
111198,99103
111193,99009
111284,99114
111340,99213
111359,99137
111272,99102
111259,99052
111346,99143
111361,99120
111314,99097
111188,99091
111052,98971
110961,98981
110930,98990
110860,98872
110628,98824
110454,98639
110372,98700
110321,98610
110142,98582
110041,98491
109788,98370
109773,98412
109762,98372
109597,98315
109491,98249
109287,98154
109299,98170
109321,98175
109261,98126
109140,98115
108946,97984
109074,98076
109050,98128
109017,98064
108910,98038
108850,97938
108939,98060
108911,98061
108940,98071
108839,98011
108727,97930
108925,98024
108934,98111
108932,98030
108864,98046
108800,97907
108927,98030
109012,98115
108952,98078
108929,98052
108892,97993
109001,98096
109065,98155
108982,98117
109005,98080
108961,98039
109043,98132
109151,98185
109134,98124
109147,98152
109082,98077
109241,98244
109305,98212
109311,98278
109330,98260
109224,98170
109429,98269
109474,98386
109452,98280
109485,98343
109420,98264
109520,98355
109596,98429
109570,98357
109538,98368
109441,98289
109599,98383
109594,98431
109539,98350
109569,98320
109455,98267
109557,98305
109610,98429
109582,98356
109506,98346
109416,98241
109551,98404
109601,98350
109514,98342
109522,98349
109401,98219
109499,98359
109556,98335
109504,98375
109488,98283
109428,98269
109519,98374
109582,98336
109527,98380
109501,98301
109466,98301
109578,98380
109599,98373
109648,98379
109575,98318
109575,98327
109714,98435
109687,98422
109692,98433
109723,98395
109638,98397
109868,98450
109935,98519
109881,98524
109876,98444
109784,98468
109972,98500
110023,98617
110001,98558
109967,98507
109940,98503
110150,98614
110126,98648
110167,98619
110095,98581
110121,98546
110247,98653
110342,98723
110279,98706
110254,98600
110261,98595
110433,98735
110429,98763
110404,98731
110409,98726
110400,98672
110575,98755
110623,98842
110549,98814
110545,98732
110581,98795
110708,98809
110787,98862
110767,98897
110740,98811
110707,98851
110853,98866
110891,98985
110880,98935
110890,98852
110911,98882
111037,98999
111085,98992
111065,99030
111041,98991
111117,98975
111222,99102
111347,99101
111265,99117
111312,99034
111323,99096
111392,99181
111466,99202
111460,99117
111427,99121
111438,99094
111605,99194
111630,99285
111616,99181
111579,99213
111617,99159
111719,99315
111726,99321
111672,99238
111665,99204
111630,99233
111661,99256
111630,99213
111504,99168
111292,99034
111171,98989
111176,98984
110963,98906
110804,98759
110558,98676
110387,98598
110298,98611
110232,98523
110018,98482
109858,98296
109798,98320
109709,98358
109659,98287
109468,98188
109362,98097
109269,98135
109327,98130
109206,98119
109108,98043
109030,97935
109021,98017
109041,98038
109036,97992
108942,97960
108854,97914
108859,97979
108961,97992
108859,98004
108815,97971
108794,97908
108856,97917
108918,98038
108891,97965
108884,97991
108776,97926
108866,97945
108929,98019
108942,98018
108874,97994
108812,97933
108888,98015
108957,98043
108925,98035
108977,98011
108843,97996
108995,98033
109040,98124
109015,98065
109079,98058
109012,98003
109127,98095
109257,98230
109222,98153
109203,98160
109223,98095
109350,98182
109407,98298
109434,98218
109444,98265
109319,98204
109469,98240
109539,98361
109520,98256
109471,98298
109361,98191
109533,98306
109564,98294
109519,98327
109481,98257
109378,98208
109528,98271
109581,98350
109460,98283
109489,98255
109388,98175
109433,98235
109569,98324
109438,98268
109427,98214
109365,98194
109431,98249
109494,98294
109434,98220
109429,98255
109303,98141
109446,98288
109484,98262
109463,98226
109471,98271
109359,98161
109487,98283
109582,98301
109530,98305
109536,98254
109425,98235
109596,98344
109618,98364
109648,98311
109625,98317
109577,98265
109754,98360
109790,98411
109738,98377
109775,98362
109733,98348
109873,98400
109919,98540
109915,98423
109954,98428
109884,98439
110043,98539
110079,98514
110084,98586
110047,98545
110019,98491
110196,98624
110238,98608
110205,98636
110206,98557
110221,98550
110366,98680
110366,98696
110341,98640
110370,98672
110314,98608
110451,98712
110486,98759
110520,98687
110498,98716
110461,98644
110546,98772
110608,98778
110617,98794
110575,98742
110546,98709
110646,98803
110771,98842
110701,98805
110736,98790
110665,98778
110824,98883
110833,98865
110818,98901
110763,98798
110818,98811
110875,98934
110950,98902
110895,98923
110892,98863
110869,98844
110993,98942
111004,98988
111058,98955
110994,98878
111017,98875
111149,98968
111122,99051
111137,98966
111074,98979
111083,98942
111181,99053
111141,99037
111143,98994
111105,98943
110999,98910
111086,98998
111057,98941
110942,98885
110732,98789
110657,98721
110579,98768
110489,98724
110250,98607
110090,98435
109984,98407
109888,98434
109815,98407
109660,98335
109462,98208
109350,98090
109349,98209
109291,98098
109115,98067
108989,97939
108886,97944
108932,97990
108814,97933
108772,97885
108590,97821
108522,97834
108567,97854
108620,97848
108490,97815
108429,97735
108389,97761
108442,97812
108435,97775
108430,97762
108326,97722
108324,97773
108435,97829
108412,97830
108413,97752
108327,97742
108283,97756
108410,97848
108410,97770
108363,97783
108328,97694
108354,97727
108489,97864
108457,97819
108452,97819
108402,97704
108436,97806
108468,97856
108550,97878
108491,97826
108507,97778
108611,97846
108689,97946
108667,97920
108728,97893
108682,97852
108771,97915
108866,97984
108855,98004
108822,97979
108746,97926
108886,97965
108918,98068
108955,98044
108897,97988
108863,97889
108886,98023
109025,98026
108959,98064
108957,98028
108791,97955
108915,98039
108987,98007
108988,98043
108925,97987
108798,97932
108907,97964
109045,98074
108960,98023
108911,97986
108841,97943
108939,98010
108967,98032
108953,98010
108960,97962
108865,97900
108977,98030
109052,98013
109019,98063
109044,98001
108907,97952
109025,98028
109106,98122
109119,98089
109056,98068
109022,97984
109157,98132
109213,98123
109236,98155
109258,98127
109146,98086
109314,98146
109405,98210
109385,98161
109375,98217
109327,98134
109419,98199
109490,98255
109553,98269
109535,98247
109453,98184
109584,98257
109685,98347
109698,98369
109641,98289
109589,98258
109704,98334
109770,98397
109807,98369
109770,98327
109741,98320
109824,98352
109890,98467
109907,98444
109857,98396
109785,98327
109973,98472
110010,98520
109964,98478
109944,98465
109917,98358
110037,98512
110109,98497
110052,98510
110092,98492
109985,98412
110160,98524
110181,98545
110156,98576
110147,98483
110104,98492
110269,98591
110264,98607
110278,98543
110292,98576
110203,98571
110334,98586
110406,98647
110431,98615
110391,98590
110384,98581
110496,98659
110599,98754
110579,98705
110519,98702
110499,98635
110676,98779
110683,98819
110656,98767
110658,98700
110584,98677
110755,98800
110841,98782
110743,98827
110738,98723
110682,98713
110739,98815
110725,98810
110680,98724
110525,98689
110386,98557
110448,98617
110341,98621
110138,98511
110026,98358
109808,98317
109860,98329
109711,98305
109520,98226
109362,98079
109295,98019
109260,98053
109176,98071
109090,97956
108955,97872
108823,97826
108845,97915
108804,97818
108702,97836
108568,97735
108554,97699
108553,97736
108587,97790
108459,97733
108442,97651
108381,97670
108426,97702
108445,97712
108427,97723
108326,97630
108353,97656
108424,97744
108434,97709
108435,97704
108344,97690
108321,97628
108518,97760
108497,97769
108427,97739
108424,97636
108377,97698
108532,97750
108556,97808
108537,97725
108512,97680
108532,97697
108617,97840
108684,97806
108659,97833
108595,97757
108686,97815
108830,97920
108849,97929
108877,97926
108804,97879
108873,97879
109053,98026
109008,98017
109048,97981
108979,97950
109071,97992
109165,98074
109135,98043
109102,98042
109094,97953
109111,98036
109232,98060
109148,98077
109167,98041
109124,97976
109103,98021
109239,98068
109156,98053
109159,97996
109111,97954
109151,98008
109251,98031
109175,98060
109190,97972
109125,97945
109110,98013
109208,98025
109250,98055
109207,98018
109065,97970
109181,97982
109282,98115
109230,98020
109254,98070
109139,97968
109287,98090
109314,98129
109355,98103
109317,98070
109266,98020
109386,98137
109444,98118
109492,98156
109419,98166
109395,98124
109511,98150
109612,98258
109641,98217
109655,98253
109559,98187
109711,98208
109744,98290
109809,98309
109834,98312
109752,98290
109847,98337
109973,98350
109977,98413
109954,98383
109902,98360
110018,98427
110086,98450
110124,98473
110155,98445
110106,98405
110251,98486
110353,98585
110276,98570
110353,98561
110245,98467
110408,98583
110453,98594
110452,98617
110447,98571
110405,98559
110584,98619
110595,98700
110666,98687
110623,98663
110560,98599
110763,98688
110810,98801
110775,98737
110813,98775
110729,98668
110922,98813
110937,98821
110976,98806
110966,98795
110920,98765
111081,98857
111132,98944
111143,98879
111182,98894
111038,98834
111234,98976
111271,99005
111256,98926
111246,98977
111234,98870
111343,99017
111453,99083
111383,99021
111431,98993
111349,98931
111478,99075
111575,99098
111493,99075
111599,99057
111470,99027
111564,99096
111591,99142
111595,99040
111445,99020
111305,98908
111357,98978
111266,98953
111037,98814
110924,98703
110617,98555
110622,98622
110507,98559
110250,98424
110149,98348
109879,98230
109914,98303
109794,98245
109683,98134
109587,98081
109397,98025
109451,98081
109398,97998
109277,97972
109190,97922
109033,97857
109137,97929
109085,97925
109012,97925
108937,97815
108894,97798
108959,97838
108955,97894
108932,97805
108917,97791
108862,97793
108959,97892
108975,97870
108892,97830
108867,97794
108848,97790
108956,97843
108987,97860
108990,97886
108893,97861
108891,97799
109045,97891
109065,97953
109005,97917
108984,97907
109003,97838
109078,97990
109185,97987
109122,97990
109114,97972
109100,97894
109281,98015
109320,98084
109281,98050
109329,98002
109348,98046
109448,98082
109496,98190
109491,98101
109429,98100
109468,98115
109583,98195
109636,98196
109539,98176
109462,98096
109452,98125
109550,98153
109591,98146
109537,98172
109494,98060
109460,98120
109582,98169
109525,98160
109486,98114
109454,98072
109431,98061
109567,98138
109573,98131
109469,98069
109396,98028
109423,98022
109485,98110
109469,98160
109497,98099
109403,97972
109426,98061
109495,98117
109569,98157
109459,98112
109465,98037
109490,98088
109525,98158
109571,98183
109602,98150
109546,98090
109578,98131
109688,98241
109680,98199
109698,98244
109680,98143
109667,98212
109799,98294
109831,98267
109843,98251
109812,98235
109837,98232
109959,98369
110013,98336
109939,98339
109913,98297
109961,98301
110120,98432
110097,98392
110119,98376
110042,98359
110070,98365
110240,98443
110190,98485
110250,98385
110176,98356
110211,98452
110294,98486
110324,98519
110306,98442
110251,98437
110334,98494
110366,98528
110394,98505
110409,98462
110325,98424
110406,98558
110488,98576
110519,98536
110495,98568
110420,98456
110513,98609
110639,98621
110619,98597
110577,98611
110519,98511
110596,98616
110678,98662
110727,98697
110677,98666
110636,98577
110762,98675
110817,98778
110832,98676
110810,98738
110733,98662
110894,98719
110932,98839
110918,98714
110948,98721
110819,98705
110953,98758
111026,98801
110967,98767
110998,98791
110883,98664
110952,98812
110949,98790
110916,98722
110809,98679
110647,98548
110650,98579
110550,98522
110395,98509
110289,98363
109984,98240
110034,98297
109969,98286
109765,98176
109658,98125
109463,97969
109428,98006
109424,98014
109249,97924
109116,97903
108980,97781
109025,97863
109022,97853
108840,97746
108837,97758
108675,97618
108762,97719
108748,97755
108711,97688
108607,97675
108521,97568
108637,97631
108656,97678
108655,97698
108586,97670
108466,97561
108604,97712
108669,97680
108635,97702
108555,97660
108462,97618
108656,97679
108641,97744
108682,97704
108638,97694
108536,97638
108685,97688
108719,97713
108729,97772
108726,97677
108656,97671
108751,97755
108839,97853
108826,97793
108823,97757
108801,97717
108944,97851
108971,97883
108988,97841
108987,97867
108978,97794
109081,97940
109140,97962
109152,97917
109111,97910
109113,97902
109198,97963
109245,98027
109201,97919
109140,97940
109122,97905
109235,98000
109246,97986
109213,97968
109189,97864
109133,97875
109170,97943
109198,97972
109157,97941
109117,97871
109116,97866
109184,97935
109253,97971
109205,97883
109108,97909
109092,97838
109186,97948
109206,97930
109182,97883
109125,97907
109112,97833
109172,97977
109246,97947
109225,97977
109225,97874
109128,97891
109232,97984
109314,98010
109308,98002
109252,97889
109285,97926
109350,98032
109448,98064
109412,98049
109345,97960
109390,97983
109503,98106
109517,98091
109500,98104
109516,98028
109488,98060
109651,98158
109654,98203
109682,98113
109592,98122
109684,98119
109744,98229
109827,98200
109742,98220
109787,98170
109740,98151
109944,98278
109903,98288
109878,98253
109831,98216
109915,98245
109990,98303
110033,98371
109995,98298
110003,98260
109982,98303
110138,98352
110157,98364
110079,98313
110069,98280
110103,98337
110167,98444
110212,98357
110195,98410
110171,98315
110218,98382
110316,98434
110306,98430
110277,98468
110280,98342
110265,98430
110454,98487
110467,98494
110436,98440
110387,98414
110443,98512
110594,98568
110536,98574
110568,98507
110470,98497
110530,98524
110682,98627
110668,98629
110607,98566
110567,98503
110662,98565
110686,98576
110716,98639
110657,98569
110564,98499
110551,98535
110549,98563
110509,98499
110331,98421
110142,98329
110076,98296
110046,98335
109908,98251
109782,98155
109536,97977
109481,97976
109409,98016
109292,97895
109118,97865
108886,97729
108930,97736
108870,97718
108764,97714
108631,97612
108470,97493
108413,97559
108479,97562
108323,97501
108289,97457
108110,97386
108184,97425
108183,97496
108081,97436
108106,97393
107936,97296
108027,97366
108101,97464
108043,97362
107988,97356
107872,97312
107915,97360
108034,97409
107972,97351
107946,97301
107848,97282
107907,97372
108035,97435
107951,97398
108001,97362
107849,97284
107984,97420
108033,97382
108007,97392
107932,97354
107841,97333
108071,97384
108041,97454
108077,97465
108041,97400
107977,97358
108169,97448
108172,97508
108219,97504
108216,97451
108128,97407
108346,97554
108411,97604
108344,97563
108359,97568
108292,97478
108385,97615
108464,97601
108474,97616
108387,97582
108344,97525
108459,97580
108523,97651
108426,97629
108425,97527
108279,97548
108469,97539
108445,97581
108440,97573
108377,97550
108290,97495
108388,97536
108408,97640
108430,97567
108364,97540
108260,97480
108386,97570
108456,97588
108340,97573
108346,97561
108243,97467
108455,97582
108435,97615
108380,97554
108324,97504
108303,97528
108427,97585
108472,97566
108451,97631
108405,97523
108357,97569
108538,97636
108541,97663
108560,97624
108489,97613
108488,97600
108572,97637
108610,97710
108645,97663
108636,97657
108582,97586
108751,97693
108786,97764
108815,97757
108777,97710
108724,97707
108852,97767
108929,97828
108848,97820
108906,97785
108856,97709
109027,97838
108981,97892
109054,97827
108954,97812
108991,97853
109102,97897
109173,97897
109144,97857
109124,97887
109112,97825
109216,97930
109306,97999
109242,97963
109248,97931
109228,97920
109337,98028
109410,98030
109385,97983
109360,97973
109330,97962
109527,98052
109494,98042
109530,98076
109460,98048
109453,98049
109597,98093
109686,98165
109669,98130
109596,98071
109616,98123
109742,98158
109835,98231
109783,98151
109719,98157
109779,98163
109849,98236
109946,98210
109853,98243
109882,98168
109840,98207
109934,98294
109972,98291
109895,98255
109864,98163
109851,98198
109872,98220
109860,98167
109725,98137
109527,98003
109512,98009
109436,97987
109376,97947
109202,97882
108979,97732
108924,97723
108893,97786
108758,97688
108626,97563
108470,97453
108361,97482
108392,97537
108293,97388
108205,97392
107996,97295
107997,97331
108024,97285
107940,97285
107878,97256
107746,97169
107761,97234
107750,97241
107785,97203
107680,97202
107559,97112
107633,97189
107709,97193
107699,97180
107597,97179
107577,97086
107606,97179
107723,97230
107659,97183
107645,97154
107607,97110
107708,97177
107717,97254
107760,97196
107687,97232
107601,97134
107730,97199
107826,97300
107775,97210
107778,97255
107727,97205
107831,97272
107887,97323
107954,97312
107927,97320
107843,97238
108036,97380
108122,97444
108106,97371
108177,97396
108058,97368
108269,97472
108294,97508
108269,97461
108340,97489
108255,97391
108342,97497
108419,97608
108378,97492
108388,97544
108320,97403
108396,97503
108526,97567
108413,97546
108439,97530
108338,97389
108443,97534
108552,97573
108468,97553
108425,97512
108362,97414
108467,97552
108515,97522
108450,97573
108423,97530
108378,97453
108470,97522
108501,97622
108536,97542
108469,97567
108383,97459
108535,97535
108565,97645
108553,97588
108554,97581
108482,97536
108642,97600
108648,97707
108684,97616
108633,97620
108575,97569
108752,97649
108778,97705
108819,97709
108760,97696
108717,97671
108904,97763
108920,97754
108920,97787
108859,97749
108866,97667
108957,97838
109110,97838
109019,97804
109072,97787
108975,97783
109127,97912
109177,97860
109167,97901
109140,97857
109137,97791
109250,97948
109358,97954
109329,97933
109292,97924
109211,97856
109360,97954
109447,98030
109415,98025
109410,97972
109303,97948
109492,98049
109507,98033
109539,98051
109459,98022
109463,97945
109642,98092
109680,98141
109623,98083
109629,98064
109551,98043
109725,98113
109791,98187
109777,98172
109734,98096
109769,98118
109843,98193
109892,98213
109937,98219
109892,98193
109869,98210
110011,98255
110075,98324
110050,98257
110040,98266
109996,98249
110154,98374
110150,98312
110174,98369
110140,98323
110156,98285
110237,98402
110345,98394
110238,98414
110241,98290
110207,98329
110273,98395
110261,98417
110227,98347
110043,98252
109983,98189
109935,98232
109831,98133
109684,98106
109527,97908
109368,97933
109366,97943
109217,97870
109069,97745
108893,97700
108743,97600
108812,97658
108656,97585
108518,97510
108402,97409
108251,97394
108335,97448
108232,97399
108141,97393
107994,97292
107955,97233
107983,97365
108022,97308
107900,97270
107783,97178
107790,97212
107893,97291
107821,97240
107845,97259
107702,97192
107757,97190
107879,97270
107862,97292
107846,97249
107769,97165
107795,97233
107867,97244
107868,97320
107880,97255
107771,97208
107810,97235
107963,97316
107912,97296
107945,97293
107862,97238
107945,97293
107996,97349
108028,97355
107995,97304
107967,97266
108075,97351
108152,97382
108207,97465
108185,97402
108149,97403
108227,97443
108393,97534
108404,97546
108377,97504
108311,97459
108402,97524
108508,97552
108512,97582
108499,97496
108389,97513
108509,97511
108515,97614
108515,97546
108530,97534
108421,97474
108525,97577
108548,97562
108545,97606
108494,97548
108440,97456
108510,97513
108597,97650
108526,97549
108505,97596
108382,97465
108530,97534
108604,97647
108527,97581
108522,97536
108438,97459
108568,97575
108609,97647
108595,97632
108573,97561
108506,97537
108633,97566
108684,97669
108626,97644
108681,97605
108564,97594
108747,97633
108726,97698
108792,97653
108810,97686
108730,97571
108818,97744
108947,97736
108881,97724
108910,97701
108842,97648
108973,97810
109001,97809
109073,97785
109004,97791
108960,97752
109086,97835
109146,97856
109187,97887
109153,97823
109103,97823
109230,97891
109337,97934
109290,97907
109311,97952
109221,97839
109347,97959
109420,97991
109474,97973
109409,97960
109400,97895
109474,98054
109554,98102
109513,98032
109537,97991
109448,98009
109668,98083
109639,98108
109703,98138
109629,98113
109585,98021
109771,98147
109810,98151
109791,98168
109782,98094
109746,98124
109915,98155
109993,98256
109927,98218
109907,98194
109920,98129
110027,98244
110105,98282
110136,98275
110058,98242
110041,98228
110208,98281
110259,98368
110190,98343
110245,98297
110128,98289
110320,98389
110369,98406
110300,98391
110251,98348
110227,98284
110321,98416
110354,98382
110277,98365
110118,98287
110036,98192
110027,98268
110013,98206
109802,98138
109691,98041
109488,97966
109448,97983
109392,97927
109222,97802
109027,97757
108897,97647
108828,97687
108802,97610
108636,97587
108534,97466
108336,97435
108412,97491
108290,97458
108245,97347
108160,97311
108029,97254
108079,97326
108031,97333
107959,97276
107886,97194
107831,97220
107861,97263
107938,97295
107872,97216
107796,97185
107727,97190
107889,97270
107837,97275
107818,97235
107752,97124
107773,97198
107871,97286
107842,97235
107853,97263
107754,97189
107743,97224
107912,97260
107939,97302
107848,97292
107846,97217
107865,97283
107979,97339
108007,97344
107993,97315
107946,97302
108011,97291
108129,97469
108198,97432
108139,97442
108105,97375
108225,97450
108317,97467
108387,97543
108383,97501
108277,97430
108327,97465
108489,97618
108461,97539
108452,97563
108385,97473
108455,97573
108592,97582
108552,97587
108447,97530
108412,97465
108473,97541
108525,97625
108524,97536
108525,97513
108376,97487
108439,97494
108498,97555
108524,97537
108419,97532
108321,97452
108467,97504
108557,97565
108458,97555
108489,97551
108417,97486
108445,97510
108565,97616
108523,97521
108513,97535
108479,97490
108511,97577
108597,97617
108614,97578
108636,97580
108551,97497
108629,97633
108732,97694
108658,97608
108673,97637
108601,97580
108747,97669
108754,97685
108802,97700
108841,97680
108692,97628
108907,97703
108949,97742
108961,97793
108919,97739
108919,97704
108954,97771
109089,97866
109089,97816
109017,97823
109014,97745
109083,97814
109223,97919
109150,97842
109123,97846
109099,97772
109258,97885
109294,97893
109261,97865
109278,97933
109187,97795
109332,97933
109376,97958
109413,97943
109437,97968
109296,97880
109526,98021
109558,98037
109539,98053
109528,98006
109486,97918
109627,98067
109647,98127
109673,98087
109640,98063
109586,97998
109732,98129
109796,98200
109754,98149
109809,98097
109742,98072
109867,98154
109991,98202
109921,98242
109924,98208
109887,98135
110057,98259
110100,98308
110029,98244
110067,98236
109940,98178
110164,98296
110182,98317
110118,98305
110029,98250
109966,98186
110033,98226
109974,98243
109926,98190
109809,98092
109562,97989
109617,98021
109537,97970
109320,97898
109157,97772
109021,97692
109048,97729
108853,97681
108692,97606
108576,97490
108440,97415
108452,97523
108323,97421
108213,97343
108070,97280
108007,97246
108054,97249
107936,97287
107897,97180
107760,97158
107690,97088
107720,97220
107706,97221
107639,97137
107629,97113
107528,97039
107617,97184
107602,97167
107561,97083
107568,97060
107504,97076
107557,97137
107555,97176
107544,97126
107529,97049
107486,97055
107558,97133
107558,97149
107615,97097
107488,97093
107512,97044
107671,97181
107664,97156
107634,97153
107588,97134
107577,97113
107712,97161
107803,97257
107756,97198
107748,97189
107761,97189
107857,97281
107948,97294
107968,97284
107957,97281
107950,97225
108124,97371
108124,97422
108104,97398
108068,97301
108073,97356
108189,97384
108197,97407
108159,97374
108140,97396
108139,97328
108248,97465
108237,97382
108217,97397
108147,97373
108144,97397
108252,97400
108265,97483
108245,97374
108178,97370
108159,97382
108249,97461
108255,97473
108242,97386
108150,97342
108209,97373
108332,97465
108270,97420
108305,97441
108182,97389
108272,97405
108310,97516
108341,97492
108322,97433
108321,97417
108314,97478
108468,97531
108427,97539
108395,97474
108359,97478
108471,97453
108576,97626
108619,97569
108573,97588
108476,97507
108563,97585
108727,97638
108688,97657
108732,97617
108662,97579
108718,97644
108828,97730
108858,97686
108871,97653
108775,97595
108856,97732
109030,97794
109036,97765
108979,97759
108950,97683
109060,97758
109109,97823
109111,97829
109137,97829
109078,97725
109182,97874
109312,97892
109256,97904
109238,97864
109165,97847
109356,97881
109343,97984
109421,97934
109408,97956
109269,97891
109485,97950
109546,98049
109493,98013
109540,97966
109465,97923
109606,98031
109611,98097
109690,98074
109632,98051
109569,98012
109730,98084
109791,98167
109801,98132
109771,98093
109737,98065
109840,98140
109942,98222
109875,98209
109933,98141
109836,98154
110005,98176
110012,98274
110063,98227
110010,98245
109938,98166
110082,98238
110073,98285
110122,98294
110070,98256
109918,98144
110082,98248
110015,98261
109960,98175
109807,98102
109648,98018
109670,98036
109577,98035
109371,97874
109227,97854
109041,97735
109004,97689
108950,97675
108764,97633
108685,97506
108393,97450
108468,97466
108382,97480
108201,97344
108138,97275
107965,97219
107991,97301
107983,97235
107856,97229
107746,97182
107623,97021
107674,97161
107674,97123
107599,97142
107536,97022
107415,96977
107488,97082
107521,97059
107491,97090
107446,96966
107376,96986
107453,97084
107469,97023
107435,97061
107387,96991
107328,96973
107437,97017
107504,97130
107404,97050
107405,96984
107340,97001
107438,97087
107495,97054
107497,97045
107462,97057
107379,97018
107532,97069
107571,97167
107527,97135
107557,97039
107495,97040
107640,97164
107720,97200
107685,97183
107732,97136
107718,97162
107847,97289
107875,97256
107913,97307
107885,97221
107857,97246
107941,97311
108048,97336
108031,97294
107980,97273
107978,97278
108074,97370
108050,97332
108006,97326
107997,97308
107955,97279
108047,97314
108060,97397
108073,97302
107991,97291
107985,97279
108064,97352
108128,97360
108072,97301
107963,97260
107987,97269
108107,97344
108117,97402
108047,97282
108016,97309
108002,97306
108114,97345
108128,97344
108082,97337
108070,97279
108074,97348
108098,97420
108197,97394
108198,97355
108099,97361
108165,97365
108219,97452
108268,97431
108286,97458
108196,97384
108298,97414
108378,97481
108406,97488
108387,97484
108311,97467
108413,97436
108479,97585
108542,97598
108502,97553
108509,97477
108496,97543
108677,97631
108629,97636
108630,97633
108601,97546
108696,97640
108772,97716
108769,97724
108811,97655
108686,97628
108802,97674
108925,97771
108902,97715
108903,97737
108820,97640
108886,97739
109015,97767
109038,97752
109033,97795
108943,97758
109042,97742
109133,97839
109140,97871
109068,97851
109076,97754
109106,97841
109257,97880
109233,97875
109216,97897
109141,97789
109295,97892
109350,97970
109386,97961
109382,97946
109292,97884
109391,97977
109488,97991
109489,98019
109462,97972
109394,97938
109557,97996
109636,98123
109582,98036
109598,98062
109543,98008
109697,98083
109719,98149
109705,98140
109756,98067
109635,98061
109772,98089
109836,98153
109815,98153
109713,98118
109653,97999
109655,98093
109681,98124
109574,98028
109400,97928
109219,97847
109246,97808
109169,97858
109021,97701
108826,97640
108669,97521
108649,97573
108567,97512
108413,97486
108259,97345
108069,97232
108103,97288
108055,97279
107929,97270
107805,97139
107649,97094
107691,97102
107661,97185
107589,97102
107478,97052
107313,96916
107454,97017
107402,97010
107385,96997
107299,96983
107191,96929
107268,96932
107268,97017
107255,96986
107194,96919
107153,96863
107212,96941
107300,97004
107211,96964
107160,96943
107113,96889
107217,96973
107233,97004
107280,96991
107193,96964
107110,96892
107317,96992
107368,97062
107294,96975
107255,96961
107223,96921
107404,97046
107463,97125
107412,97080
107400,97018
107423,96998
107537,97078
107583,97162
107597,97153
107605,97093
107591,97062
107734,97250
107814,97221
107798,97191
107800,97197
107744,97178
107828,97231
107943,97275
107918,97283
107851,97246
107792,97184
107908,97326
107990,97284
107891,97298
107891,97199
107875,97197
107971,97314
107938,97324
107977,97269
107895,97261
107863,97195
108011,97297
107957,97364
107987,97298
107867,97263
107902,97241
107964,97323
107962,97339
107988,97283
107976,97254
107930,97234
108017,97333
108053,97353
108076,97353
107972,97281
108013,97333
108138,97357
108146,97447
108160,97356
108135,97351
108053,97352
108231,97407
108314,97469
108285,97488
108258,97377
108286,97417
108374,97532
108392,97534
108434,97489
108318,97474
108411,97455
108529,97573
108506,97610
108544,97575
108456,97502
108554,97539
108607,97628
108681,97661
108669,97645
108586,97592
108682,97617
108751,97686
108853,97738
108800,97720
108774,97619
108847,97684
108902,97796
108923,97780
108959,97687
108914,97679
108938,97763
109027,97851
109085,97766
109076,97840
109045,97707
109108,97818
109185,97921
109253,97884
109163,97873
109165,97786
109186,97841
109351,97933
109344,97931
109325,97916
109278,97865
109297,97934
109490,98030
109438,97937
109423,97941
109437,97918
109459,97979
109568,98047
109574,98071
109535,98030
109520,97948
109606,98030
109722,98124
109709,98076
109755,98106
109658,98055
109710,98107
109855,98205
109836,98147
109851,98160
109732,98044
109864,98135
109981,98232
109966,98227
109912,98210
109852,98085
109935,98162
109937,98239
109812,98182
109785,98099
109624,97968
109587,98022
109492,98001
109322,97917
109218,97799
109042,97694
108961,97720
108932,97679
108707,97636
108585,97540
108424,97398
108425,97426
108333,97468
108263,97348
108056,97324
107899,97164
107973,97251
107881,97232
107809,97197
107691,97106
107522,97043
107587,97072
107640,97113
107550,97037
107465,97079
107359,96918
107415,97062
107452,97045
107390,96993
107408,97019
107291,96919
107410,97002
107386,97059
107404,97011
107368,97021
107211,96942
107339,97058
107441,97032
107336,97019
107371,96988
107276,96956
107372,96999
107445,97103
107414,97045
107379,97061
107299,96986
107426,97080
107536,97081
107470,97112
107511,97042
107385,97028
107592,97116
107718,97189
107691,97192
107681,97195
107681,97113
107766,97260
107913,97269
107832,97276
107870,97213
107840,97179
107947,97306
107951,97324
107968,97341
107996,97258
107895,97266
108061,97362
108078,97341
108062,97306
108007,97326
107958,97262
108024,97356
108058,97368
108075,97310
108015,97298
107956,97282
108102,97346
108113,97390
108028,97329
108031,97269
108017,97274
108113,97393
108112,97377
108078,97388
108010,97338
107959,97264
108133,97404
108171,97333
108125,97384
108074,97336
108075,97320
108200,97448
108290,97406
108192,97424
108189,97371
108217,97361
108323,97469
108398,97499
108349,97493
108306,97440
108336,97410
108480,97553
108480,97580
108449,97527
108460,97524
108455,97466
108632,97579
108654,97663
108622,97568
108647,97599
108655,97555
108780,97694
108790,97672
108802,97626
108777,97641
108782,97616
108891,97769
108948,97739
108974,97757
108931,97649
108886,97721
109089,97794
109086,97811
109068,97808
109033,97706
109032,97792
109155,97874
109240,97867
109223,97824
109221,97811
109204,97870
109305,97886
109359,97962
109306,97855
109296,97906
109310,97898
109484,97941
109445,97989
109510,97952
109413,97955
109489,97975
109586,98070
109596,98090
109604,97981
109569,98020
109622,97975
109724,98140
109773,98089
109749,98108
109719,98022
109751,98090
109829,98153
109933,98145
109914,98195
109832,98151
109885,98171
110083,98265
110024,98241
110013,98249
109926,98157
110093,98227
110164,98330
110104,98265
110185,98280
110074,98202
110127,98251
110206,98286
110213,98287
110160,98234
109997,98194
110022,98229
109964,98197
109899,98100
109769,98043
109504,97940
109494,97906
109450,97921
109238,97841
109043,97731
108875,97575
108833,97642
108750,97588
108633,97555
108530,97441
108324,97358
108302,97392
108305,97393
108131,97320
107999,97271
107894,97145
107903,97197
107939,97283
107817,97140
107797,97180
107667,97043
107701,97149
107701,97159
107680,97162
107646,97102
107511,97004
107595,97088
107657,97132
107574,97131
107533,97089
107465,97041
107604,97081
107655,97187
107609,97090
107509,97106
107491,97004
107634,97167
107707,97155
107580,97173
107627,97105
107481,97045
107631,97117
107732,97219
107677,97129
107651,97181
107611,97095
107814,97205
107826,97224
107863,97264
107836,97243
107789,97229
107966,97306
108064,97352
108026,97339
108026,97317
107959,97294
108107,97413
108171,97404
108193,97421
108183,97381
108046,97328
108229,97391
108280,97419
108189,97427
108155,97427
108115,97291
108204,97445
108286,97434
108225,97431
108195,97422
108132,97313
108174,97437
108276,97443
108174,97414
108156,97360
108092,97329
108233,97384
108268,97457
108170,97444
108186,97340
108144,97329
108275,97444
108316,97451
108226,97435
108253,97378
108146,97393
108301,97483
108306,97480
108310,97438
108311,97452
108255,97363
108434,97512
108486,97555
108414,97490
108390,97503
108406,97426
108482,97568
108576,97535
108575,97555
108537,97561
108517,97523
108632,97612
108726,97677
108699,97604
108739,97614
108695,97616
108802,97678
108900,97700
108884,97725
108808,97691
108833,97660
109024,97799
109019,97822
109070,97789
108997,97774
108975,97757
109111,97811
109170,97887
109156,97789
109096,97814
109151,97776
109267,97857
109307,97962
109320,97855
109268,97847
109283,97881
109397,97951
109428,97996
109420,97966
109354,97903
109450,97917
109555,98045
109578,98003
109597,98040
109541,98001
109519,97989
109672,98081
109766,98108
109685,98099
109702,98048
109723,98078
109813,98170
109870,98178
109904,98155
109834,98137
109963,98136
110088,98257
110073,98283
110146,98277
110090,98213
110167,98294
110292,98309
110343,98384
110313,98342
110277,98344
110336,98354
110514,98417
110501,98477
110502,98402
110448,98386
110439,98431
110557,98514
110456,98400
110448,98408
110284,98317
110188,98292
110203,98304
110026,98186
109856,98096
109574,97935
109536,97910
109491,97959
109331,97813
109162,97804
108957,97623
108859,97656
108813,97618
108743,97594
108639,97469
108406,97390
108427,97401
108353,97417
108280,97364
108220,97325
108079,97236
108038,97288
108139,97294
108017,97292
107950,97241
107886,97136
107890,97234
107920,97246
107930,97257
107896,97168
107801,97141
107849,97251
107893,97296
107936,97236
107878,97260
107851,97162
107934,97268
107974,97277
107994,97293
107948,97268
107872,97185
108034,97315
108076,97372
108027,97324
108056,97351
108057,97234
108123,97385
108286,97439
108266,97430
108219,97433
108259,97368
108359,97487
108510,97567
108469,97512
108530,97527
108499,97510
108620,97606
108780,97657
108729,97616
108725,97676
108628,97580
108857,97686
108900,97764
108860,97687
108908,97696
108784,97609
108945,97702
108966,97784
108937,97761
108936,97676
108816,97659
108929,97677
108991,97773
108915,97726
108899,97694
108836,97604
108945,97691
108922,97768
108956,97697
108965,97725
108837,97642
108954,97762
108955,97744
109001,97780
108924,97718
108867,97656
108995,97709
109011,97813
109017,97754
109009,97715
108935,97676
109100,97805
109103,97805
109131,97826
109073,97796
109066,97742
109138,97866
109225,97865
109217,97863
109244,97841
109132,97808
109334,97936
109351,97971
109322,97928
109354,97890
109296,97882
109463,97982
109494,97977
109533,97992
109470,97973
109455,97921
109596,98068
109628,98050
109662,98009
109653,98017
109614,98013
109728,98090
109749,98138
109808,98125
109726,98055
109760,98081
109852,98171
109942,98205
109858,98166
109904,98149
109837,98116
110038,98233
110050,98275
110028,98191
109980,98225
109986,98159
110097,98307
110184,98289
110181,98290
110106,98204
110088,98274
110235,98317
110271,98353
110291,98320
110258,98324
110263,98290
110404,98364
110422,98433
110378,98371
110377,98394
110328,98350
110547,98453
110564,98462
110529,98496
110546,98405
110551,98449
110595,98515
110670,98575
110676,98470
110637,98516
110698,98502
110779,98605
110780,98610
110816,98563
110689,98553
110765,98515
110830,98603
110907,98603
110822,98606
110705,98525
110698,98478
110740,98538
110609,98523
110488,98408
110268,98319
110190,98225
110076,98265
109996,98111
109742,98056
109558,97907
109479,97878
109370,97863
109267,97865
109064,97718
108860,97647
108800,97576
108770,97603
108713,97580
108530,97489
108431,97398
108344,97388
108418,97454
108259,97418
108220,97315
108099,97249
108069,97268
108078,97314
108019,97291
108005,97253
107904,97207
107897,97199
107975,97287
107897,97196
107909,97235
107774,97106
107896,97204
107925,97254
107913,97210
107820,97228
107803,97126
107807,97232
107865,97228
107893,97276
107829,97197
107775,97177
107887,97211
107893,97291
107871,97262
107906,97193
107851,97186
107955,97238
108021,97365
108025,97340
107972,97312
107954,97249
108115,97344
108235,97430
108189,97426
108229,97423
108167,97341
108302,97460
108366,97465
108401,97510
108401,97457
108329,97440
108430,97492
108592,97556
108532,97492
108497,97559
108475,97446
108565,97566
108596,97618
108568,97595
108561,97548
108512,97454
108652,97585
108669,97628
108641,97552
108616,97521
108574,97478
108694,97615
108693,97579
108635,97558
108683,97586
108594,97475
108638,97604
108729,97593
108733,97587
108688,97623
108613,97490
108740,97659
108786,97620
108737,97611
108767,97581
108706,97531
108808,97678
108881,97666
108862,97698
108895,97666
108749,97595
108949,97689
109036,97770
109001,97709
108969,97750
108935,97673
109074,97758
109094,97852
109162,97793
109099,97814
109088,97706
109263,97852
109309,97929
109306,97858
109267,97878
109222,97824
109441,97929
109525,97972
109500,97977
109439,97965
109437,97897
109525,98024
109647,98025
109625,98010
109600,98027
109536,97982
109735,98077
109804,98153
109759,98118
109745,98091
109715,98047
109879,98145
109936,98206
109934,98137
109925,98173
109879,98131
109997,98219
110055,98272
110085,98192
110033,98239
110029,98146
110173,98243
110258,98320
110210,98312
110183,98237
110173,98286
110351,98304
110396,98396
110349,98383
110313,98331
110357,98302
110535,98418
110506,98441
110551,98452
110487,98421
110502,98433
110652,98521
110704,98573
110705,98549
110706,98439
110639,98461
110829,98540
110888,98608
110770,98542
110816,98506
110789,98507
110865,98599
110819,98591
110778,98496
110582,98423
110542,98344
110509,98412
110340,98356
110165,98208
110032,98098
109865,98014
109754,98068
109609,97982
109463,97858
109309,97738
109152,97755
109174,97740
109086,97717
108906,97641
108767,97515
108704,97498
108713,97559
108633,97492
108570,97481
108430,97399
108335,97370
108413,97427
108425,97409
108312,97376
108245,97296
108240,97337
108261,97375
108279,97402
108253,97349
108114,97292
108151,97277
108257,97331
108304,97364
108249,97371
108144,97253
108225,97318
108246,97369
108256,97351
108247,97342
108196,97285
108200,97350
108363,97407
108282,97414
108242,97377
108217,97295
108279,97409
108424,97417
108402,97465
108444,97401
108375,97380
108446,97470
108534,97535
108637,97519
108570,97542
108554,97492
108670,97563
108822,97615
108857,97660
108822,97625
108788,97587
108951,97666
109070,97760
109020,97746
109023,97723
108949,97680
109120,97710
109170,97812
109151,97761
109199,97730
109099,97656
109204,97795
109275,97798
109239,97840
109213,97754
109145,97745
109238,97804
109332,97841
109328,97809
109311,97764
109211,97756
109278,97853
109349,97818
109364,97821
109314,97846
109261,97702
109397,97853
109408,97891
109399,97860
109438,97882
109342,97789
109519,97875
109494,97932
109554,97956
109525,97927
109490,97835
109614,97918
109686,98068
109675,98021
109741,97972
109631,97954
109857,98050
109868,98098
109945,98102
109927,98076
109843,98038
110009,98118
110092,98211
110112,98160
110101,98121
110058,98160
110195,98243
110275,98261
110264,98257
110333,98273
110255,98243
110384,98345
110489,98372
110482,98343
110438,98335
110431,98255
110508,98383
110621,98423
110639,98436
110588,98410
110579,98369
110670,98464
110802,98550
110727,98510
110817,98441
110719,98457
110852,98550
110932,98630
110970,98535
110990,98595
110982,98495
111154,98636
111227,98726
111191,98732
111208,98646
111181,98680
111322,98753
111388,98746
111402,98788
111410,98708
111378,98753
111552,98801
111656,98896
111627,98842
111605,98863
111601,98785
111686,98937
111841,98942
