ir,red
111841,98944
111801,98921
111776,98918
111874,99015
111996,99039
111957,99024
111913,98956
111872,98930
112055,99080
112015,99064
112005,99077
111873,98956
111840,98916
111907,98958
111734,98890
111640,98827
111393,98675
111255,98614
111162,98581
110983,98519
110809,98394
110529,98285
110370,98198
110258,98183
110203,98155
110037,98010
109799,97923
109708,97888
109691,97934
109608,97864
109531,97790
109406,97713
109306,97694
109322,97759
109343,97727
109300,97689
109156,97653
109108,97601
109193,97659
109201,97697
109126,97661
109081,97586
109118,97627
109140,97721
109195,97696
109196,97683
109087,97651
109188,97657
109248,97710
109306,97786
109341,97750
109195,97702
109209,97717
109404,97791
109450,97819
109384,97791
109370,97775
109385,97763
109569,97851
109593,97865
109537,97883
109546,97799
109592,97846
109763,97951
109764,97995
109791,97920
109776,97938
109898,98064
109998,98090
110021,98080
110081,98124
110036,98051
110096,98148
110183,98179
110300,98177
110212,98184
110195,98167
110228,98213
110351,98227
110387,98212
110341,98257
110262,98130
110286,98207
110396,98242
110387,98208
110331,98262
110233,98117
110306,98219
110404,98253
110353,98204
110297,98186
110246,98126
110244,98182
110347,98246
110296,98176
110283,98206
110203,98140
110258,98149
110332,98271
110322,98181
110286,98219
110201,98153
110296,98203
110456,98273
110437,98288
110402,98215
110333,98231
110485,98263
110565,98368
110494,98357
110585,98322
110479,98313
110658,98393
110716,98457
110745,98456
110711,98382
110706,98384
110835,98495
110911,98480
110867,98536
110908,98532
110832,98415
110978,98508
111093,98606
111095,98568
111020,98584
110973,98527
111161,98599
111258,98636
111221,98677
111210,98587
111194,98611
111374,98674
111457,98767
111421,98748
111414,98696
111356,98686
111532,98719
111601,98797
111600,98814
111591,98794
111525,98731
111647,98835
111780,98875
111727,98866
111763,98882
111658,98773
111843,98961
111910,98920
111895,98956
111888,98945
111802,98910
112031,98970
112111,99027
112099,99023
112092,99055
112066,98949
112181,99099
112302,99125
112266,99137
112342,99088
112205,99077
112414,99202
112431,99237
112428,99204
112473,99176
112383,99127
112523,99213
112590,99291
112580,99259
112502,99167
112470,99140
112553,99235
112456,99223
112366,99157
112252,99002
112006,98973
112024,98940
111852,98903
111583,98768
111439,98631
111160,98440
111027,98549
110928,98381
110686,98298
110501,98205
110286,98077
110206,98142
110181,98094
109968,98029
109874,97918
109715,97854
109808,97895
109732,97915
109623,97826
109466,97768
109441,97759
109524,97827
109480,97854
109380,97802
109395,97710
109268,97728
109353,97790
109414,97786
109404,97743
109362,97693
109273,97717
109444,97766
109456,97799
109368,97809
109365,97718
109399,97759
109493,97836
109534,97856
109504,97839
109444,97780
109517,97776
109638,97906
109668,97947
109612,97873
109640,97847
109660,97902
109808,98019
109827,97978
109881,98033
109807,97968
109904,97996
110071,98145
110097,98188
110086,98123
110098,98118
110134,98086
110258,98175
110370,98248
110312,98179
110262,98199
110277,98164
110388,98297
110388,98320
110357,98216
110297,98135
110318,98237
110435,98278
110396,98290
110301,98216
110279,98159
110275,98147
110299,98279
110352,98213
110252,98221
110225,98128
110173,98163
110255,98231
110289,98185
110260,98190
110135,98117
110176,98127
110290,98242
110298,98187
110226,98200
110142,98101
110256,98145
110357,98224
110290,98256
110336,98253
110239,98151
110379,98210
110466,98275
110425,98303
110442,98268
110396,98222
110445,98267
110560,98354
110634,98328
110626,98354
110550,98326
110674,98425
110805,98462
110770,98422
110808,98463
110750,98409
110849,98464
110959,98484
110982,98547
110997,98486
110917,98486
111001,98552
111130,98593
111088,98641
111158,98568
111057,98559
111245,98601
111314,98717
111304,98654
111341,98681
111256,98611
111421,98697
111472,98801
111447,98755
111488,98724
111377,98670
111548,98822
111626,98855
111597,98800
111643,98787
111589,98731
111703,98846
111720,98901
111793,98882
111709,98893
111703,98799
111893,98938
111936,98933
111927,99016
111915,98923
111908,98925
112011,99019
112133,99051
112142,99063
112157,99019
112064,98974
112165,99093
112285,99119
112290,99141
112285,99080
112174,99060
112311,99118
112396,99147
112335,99154
112253,99072
112190,99033
112271,99127
112229,99044
112015,99024
111874,98917
111667,98749
111586,98805
111502,98747
111221,98555
110965,98488
110738,98289
110616,98297
110456,98244
110305,98138
110096,98066
109849,97899
109858,97943
109803,97933
109643,97880
109523,97753
109281,97703
109347,97751
109256,97746
109124,97642
109119,97605
108937,97554
109023,97559
108942,97605
108902,97511
108876,97498
108698,97448
108823,97539
108800,97487
108764,97527
108696,97466
108653,97384
108760,97447
108758,97543
108734,97419
108643,97454
108610,97410
108702,97479
108778,97523
108695,97467
108654,97469
108593,97369
108763,97521
108742,97550
108669,97477
108677,97435
108623,97463
108779,97561
108779,97582
108777,97510
108813,97531
108743,97531
108917,97607
108938,97622
108946,97632
108958,97576
108909,97608
109024,97653
109122,97738
109092,97647
109074,97645
108992,97654
109155,97758
109216,97714
109118,97699
109061,97688
109034,97635
109189,97781
109179,97742
109144,97673
109119,97691
109109,97641
109191,97737
109151,97699
109126,97726
109112,97632
109039,97673
109182,97747
109123,97733
109075,97671
109038,97637
109023,97618
109146,97742
109194,97717
109095,97718
109029,97606
109017,97658
109135,97720
109157,97738
109174,97691
109061,97677
109081,97701
109242,97730
109268,97780
109205,97770
109166,97643
109196,97748
109274,97769
109304,97828
109333,97757
109272,97763
109354,97796
109412,97837
109440,97841
109470,97852
109421,97792
109501,97873
109634,97908
109636,97942
109573,97917
109570,97885
109629,97872
109747,98028
109750,97972
109776,97993
109719,97888
109802,98022
109940,98070
109899,98068
109948,98062
109859,98013
109954,98027
110099,98125
110097,98147
110027,98107
110040,98068
110093,98105
110186,98218
110176,98183
110227,98184
110187,98090
110206,98177
110372,98292
110339,98239
110374,98223
110260,98184
110429,98259
110475,98295
110499,98328
110479,98277
110427,98267
110549,98281
110599,98421
110583,98392
110595,98346
110568,98314
110674,98413
110794,98462
110725,98453
110765,98443
110646,98372
110812,98427
110840,98528
110870,98447
110796,98483
110761,98406
110815,98468
110838,98432
110801,98452
110676,98324
110465,98258
110513,98273
110367,98257
110170,98128
110036,98038
109778,97863
109683,97901
109599,97867
109472,97782
109288,97720
109061,97554
109057,97551
109014,97627
108887,97507
108713,97430
108516,97305
108606,97394
108533,97343
108432,97340
108322,97275
108136,97174
108256,97189
108224,97279
108171,97153
108078,97188
107984,97100
108045,97157
108089,97167
107992,97178
108003,97146
107869,97077
107990,97157
107996,97154
107990,97129
107936,97137
107811,97026
107942,97180
108013,97184
107947,97136
107920,97127
107845,97021
107984,97177
108013,97154
107954,97137
108003,97148
107871,97103
108071,97173
108052,97229
108073,97195
108081,97154
107984,97164
108126,97273
108255,97288
108185,97276
108221,97279
108205,97253
108378,97333
108414,97412
108379,97349
108412,97315
108386,97309
108490,97414
108606,97455
108521,97389
108516,97393
108463,97378
108564,97428
108580,97458
108616,97442
108526,97348
108540,97357
108611,97451
108689,97474
108607,97455
108549,97389
108552,97386
108654,97413
108669,97498
108630,97409
108575,97348
108564,97386
108694,97491
108685,97494
108656,97392
108633,97408
108585,97397
108697,97456
108749,97450
108693,97483
108617,97431
108651,97398
108740,97490
108791,97546
108805,97514
108733,97427
108726,97491
108893,97578
108888,97621
108916,97539
108863,97480
108844,97552
109038,97609
108982,97626
109020,97609
108985,97578
108952,97619
109167,97693
109174,97697
109102,97668
109081,97634
109182,97645
109257,97758
109334,97750
109307,97758
109246,97664
109288,97763
109430,97771
109436,97788
109459,97823
109403,97773
109435,97754
109492,97894
109570,97897
109564,97845
109553,97861
109638,97856
109674,97944
109685,97929
109754,97927
109681,97848
109690,97951
109838,98035
109866,97995
109861,97970
109807,97915
109905,98011
109948,98091
110051,98069
109976,98063
109963,97992
110062,98078
110163,98179
110192,98099
110165,98157
110153,98059
110184,98151
110316,98264
110326,98216
110290,98194
110281,98163
110347,98178
110422,98314
110436,98264
110475,98234
110409,98154
110426,98274
110565,98359
110475,98262
110463,98235
110349,98208
110369,98189
110346,98233
110203,98113
110109,98058
109863,97936
109818,97896
109706,97848
109559,97832
109415,97688
109194,97575
109102,97604
109021,97555
108930,97537
108748,97396
108549,97332
108536,97326
108533,97340
108393,97289
108283,97168
108076,97128
108172,97112
108118,97176
108020,97118
107945,97060
107833,96964
107866,97082
107939,97026
107856,97035
107756,96992
107689,96903
107789,97041
107839,96987
107751,97024
107728,96954
107680,96897
107726,96965
107826,97087
107791,96973
107710,97032
107641,96903
107796,97027
107818,97091
107778,97007
107735,97047
107708,96907
107819,97064
107867,97049
107881,97060
107847,97063
107783,96975
107954,97133
107968,97153
107984,97095
108019,97111
107918,97099
108139,97198
108196,97207
108235,97257
108224,97269
108185,97176
108273,97254
108398,97370
108376,97284
108408,97296
108292,97257
108417,97345
108556,97410
108478,97327
108481,97374
108375,97269
108585,97372
108578,97389
108499,97395
108555,97339
108405,97296
108599,97386
108559,97397
108602,97371
108535,97347
108470,97275
108610,97392
108589,97431
108597,97354
108571,97340
108469,97301
108627,97440
108668,97394
108609,97392
108555,97354
108558,97376
108695,97396
108665,97476
108662,97440
108663,97365
108655,97377
108739,97442
108845,97475
108819,97474
108781,97474
108748,97409
108887,97536
108936,97578
108901,97555
108977,97508
108903,97487
109061,97617
109061,97620
109061,97610
109118,97618
109092,97572
109274,97665
109267,97681
109265,97660
109234,97681
109246,97702
109428,97749
109421,97756
109432,97771
109401,97723
109383,97699
109518,97831
109534,97867
109605,97858
109549,97770
109623,97798
109729,97891
109757,97907
109721,97932
109743,97854
109748,97901
109881,97955
109958,97974
109876,98013
109908,97919
109887,97940
110056,98029
110049,98095
110098,98032
110021,98028
110108,98042
110200,98102
110255,98144
110207,98093
110168,98075
110265,98116
110329,98144
110384,98199
110398,98165
110326,98166
110415,98220
110524,98266
110597,98313
110527,98310
110520,98204
110594,98270
110683,98302
110686,98393
110664,98288
110602,98295
110644,98305
110739,98334
110743,98413
110739,98318
110573,98298
110589,98227
110568,98321
110516,98210
110328,98154
110102,98028
109985,98002
109969,97950
109708,97850
109561,97736
109352,97618
109177,97576
109179,97553
109022,97529
108831,97422
108663,97308
108628,97279
108570,97347
108465,97227
108352,97216
108197,97063
108197,97099
108169,97173
108141,97084
108003,97092
107926,96965
107931,97038
107960,97044
107883,97048
107903,96971
107740,96950
107850,96973
107847,97053
107856,96964
107833,96962
107740,96916
107761,96999
107858,97084
107844,97053
107854,96984
107727,96925
107873,97023
107869,97060
107902,97072
107850,97026
107821,96941
107865,97057
108017,97106
107927,97104
107937,97074
107874,96999
107997,97112
108113,97190
108088,97132
108165,97168
108104,97090
108264,97255
108306,97273
108377,97306
108383,97294
108328,97256
108420,97332
108491,97339
108555,97341
108489,97357
108428,97240
108578,97331
108614,97441
108593,97333
108623,97333
108466,97283
108658,97377
108647,97404
108613,97416
108551,97390
108476,97322
108660,97369
108628,97416
108664,97346
108587,97342
108542,97288
108636,97416
108688,97400
108604,97350
108612,97374
108540,97259
108662,97390
108620,97410
108654,97383
108645,97352
108548,97286
108703,97463
108754,97396
108691,97438
108711,97380
108681,97362
108832,97444
108827,97506
108879,97494
108813,97438
108794,97366
108906,97527
109011,97520
108967,97522
108994,97535
108918,97459
109097,97564
109148,97616
109084,97586
109083,97585
109086,97525
109239,97626
109316,97691
109245,97673
109264,97672
109218,97614
109373,97749
109468,97734
109387,97746
109440,97702
109394,97734
109543,97807
109635,97820
109593,97847
109555,97751
109575,97797
109678,97837
109724,97885
109780,97877
109750,97843
109658,97849
109851,97922
109838,97968
109841,97937
109863,97891
109824,97879
109991,98030
109999,98032
109972,98000
109965,97971
109990,97968
110156,98082
110220,98093
110159,98066
110197,98039
110228,98060
110349,98188
110337,98191
110393,98167
110330,98144
110393,98116
110523,98189
110578,98278
110541,98240
110444,98184
110526,98220
110594,98277
110608,98320
110614,98260
110600,98232
110521,98207
110578,98245
110603,98289
110478,98204
110277,98084
110162,98041
110169,98046
110002,97956
109763,97828
109540,97703
109455,97662
109402,97695
109238,97571
109050,97521
108847,97346
108742,97342
108759,97339
108631,97283
108499,97264
108367,97116
108265,97158
108306,97131
108192,97147
108130,97102
107949,96978
108002,97000
108000,97087
107948,97053
107882,96994
107827,96910
107890,96944
107894,96993
107923,96980
107856,96995
107753,96906
107821,96980
107872,96977
107917,97033
107838,96987
107790,96908
107895,96985
107934,97051
107979,97081
107887,97029
107904,96996
107966,97071
107996,97093
108001,97122
108057,97056
107984,97019
108106,97096
108211,97196
108198,97166
108250,97164
108171,97111
108337,97249
108400,97296
108474,97307
108477,97329
108399,97238
108571,97358
108616,97359
108693,97443
108646,97387
108572,97309
108669,97421
108754,97411
108713,97460
108693,97361
108619,97311
108717,97418
108720,97490
108746,97383
108686,97425
108634,97308
108730,97427
108740,97478
108711,97387
108631,97384
108606,97282
108653,97415
108728,97399
108669,97399
108654,97360
108569,97315
108721,97405
108712,97424
108750,97454
108718,97413
108598,97332
108767,97378
108766,97469
108809,97421
108805,97436
108674,97391
108849,97468
108870,97476
108890,97484
108834,97444
108816,97392
108935,97526
108979,97546
109047,97534
109036,97577
108968,97429
109111,97610
109137,97620
109162,97650
109185,97630
109084,97559
109207,97638
109343,97712
109271,97631
109325,97654
109277,97630
109416,97766
109465,97734
109452,97779
109451,97749
109377,97667
109544,97813
109673,97847
109593,97836
109636,97781
109605,97805
109733,97897
109773,97878
109793,97888
109782,97900
109698,97857
109865,97920
109957,97941
109902,97987
109923,97906
109902,97932
110033,98046
110046,98022
110040,97998
110093,98027
110019,97967
110179,98130
110224,98121
110214,98058
110218,98075
110207,98061
110345,98128
110453,98239
110394,98172
110408,98120
110380,98110
110553,98229
110519,98278
110594,98247
110501,98242
110459,98170
110598,98267
110690,98322
110586,98268
110619,98245
110536,98216
110616,98233
110637,98249
110453,98204
110376,98081
110172,98020
110199,98036
110041,97978
109857,97907
109641,97697
109449,97699
109435,97623
109297,97628
109059,97486
108920,97393
108745,97296
108760,97341
108643,97338
108472,97242
108339,97101
108233,97046
108187,97134
108208,97109
108019,97026
107976,96941
107879,96948
107953,97039
107930,96986
107864,96959
107721,96848
107759,96854
107816,96958
107774,96896
107758,96926
107646,96851
107644,96902
107718,96938
107778,96935
107708,96909
107650,96881
107653,96829
107747,97004
107751,96913
107759,96928
107632,96890
107684,96892
107783,97018
107795,96939
107764,96992
107712,96929
107758,96933
107877,97016
107920,97019
107917,96980
107841,96997
107874,97048
108104,97123
108082,97117
108151,97100
108086,97057
108211,97154
108301,97257
108291,97252
108340,97208
108248,97185
108340,97246
108410,97275
108485,97291
108424,97290
108352,97196
108428,97284
108519,97260
108474,97367
108478,97256
108440,97222
108450,97263
108536,97290
108526,97332
108527,97278
108440,97207
108442,97259
108542,97340
108488,97292
108441,97300
108381,97164
108492,97301
108553,97279
108494,97325
108487,97227
108384,97210
108536,97264
108568,97367
108524,97317
108565,97289
108452,97263
108544,97341
108647,97352
108692,97374
108651,97312
108567,97334
108702,97339
108737,97410
108772,97408
108808,97428
108731,97343
108812,97442
108944,97500
108928,97466
108953,97499
108860,97450
109011,97520
109050,97536
109104,97564
109112,97529
109024,97498
109131,97581
109248,97618
109239,97580
109270,97630
109182,97535
109319,97711
109399,97747
109374,97727
109395,97690
109370,97661
109530,97768
109590,97777
109613,97756
109601,97753
109513,97721
109641,97787
109714,97893
109766,97851
109772,97826
109688,97805
109891,97882
109900,97975
109936,97904
109913,97930
109870,97852
110064,98021
110084,98058
110074,97981
110131,97990
110026,97981
110168,98057
110244,98083
110275,98100
110296,98084
110178,98052
110386,98126
110445,98184
110370,98177
110400,98133
110340,98123
110515,98221
110502,98222
110507,98208
110570,98223
110459,98108
110622,98273
110647,98244
110567,98247
110562,98177
110383,98123
110503,98160
110427,98184
110235,98073
110061,97931
109861,97818
109803,97884
109672,97732
109427,97695
109210,97521
109039,97457
109028,97452
108924,97393
108694,97343
108565,97192
108409,97139
108402,97195
108279,97141
108193,97085
108024,96962
107976,96919
108023,97002
107920,97001
107820,96895
107753,96900
107674,96795
107726,96928
107726,96930
107602,96841
107617,96797
107569,96796
107670,96856
107601,96881
107605,96811
107513,96762
107521,96767
107647,96823
107576,96846
107617,96860
107555,96797
107520,96798
107551,96893
107593,96912
107606,96872
107536,96823
107510,96817
107701,96865
107700,96914
107607,96854
107636,96847
107582,96856
107690,96939
107848,96983
107791,96973
107734,96914
107805,96920
107917,96999
108002,97043
108009,97068
107979,97042
107972,97048
108186,97149
108162,97173
108122,97125
108165,97069
108167,97116
108258,97214
108277,97180
108210,97144
108151,97108
108237,97124
108316,97207
108344,97226
108283,97150
108260,97126
108315,97158
108320,97236
108337,97172
108343,97187
108210,97159
108293,97115
108372,97208
108351,97221
108357,97171
108232,97114
108317,97152
108341,97242
108382,97217
108298,97187
108281,97152
108344,97158
108444,97249
108467,97220
108435,97220
108362,97160
108430,97239
108490,97319
108580,97278
108546,97294
108470,97236
108502,97277
108703,97359
108695,97370
108635,97346
108672,97307
108751,97388
108823,97444
108807,97437
108875,97395
108782,97388
108901,97400
109025,97524
108983,97511
108949,97493
108968,97453
109005,97500
109195,97597
109134,97581
109157,97566
109030,97517
109228,97595
109273,97656
109324,97633
109330,97663
109216,97595
109396,97666
109443,97760
109407,97706
109461,97677
109416,97647
109492,97748
109530,97758
109604,97761
109543,97773
109450,97703
109601,97773
109687,97834
109666,97842
109679,97762
109607,97764
109682,97833
109750,97923
109782,97849
109797,97844
109677,97796
109812,97864
109896,97921
109873,97956
109881,97877
109848,97852
109962,97976
110046,98042
109995,97982
110011,97943
109944,97876
110106,98046
110101,98060
110188,98038
110188,97997
110064,97985
110171,98006
110169,98062
110151,98014
110052,97997
109900,97852
109852,97897
109799,97885
109565,97781
109432,97657
109161,97524
109119,97558
109010,97462
108859,97372
108675,97242
108443,97180
108482,97169
108296,97184
108188,97070
108077,96994
107911,96944
107879,96985
107833,96908
107735,96917
107652,96786
107480,96723
107568,96831
107560,96807
107403,96791
107432,96703
107329,96679
107352,96733
107382,96783
107381,96722
107274,96692
107271,96661
107330,96726
107416,96758
107284,96714
107329,96694
107209,96679
107359,96798
107350,96793
107297,96736
107311,96699
107267,96688
107381,96814
107446,96779
107397,96799
107317,96777
107336,96712
107463,96777
107465,96848
107513,96830
107460,96811
107427,96781
107571,96911
107714,96929
107657,96960
107693,96892
107693,96907
107873,96978
107879,97061
107914,97024
107854,97036
107909,96958
107990,97089
108016,97061
108045,97101
107964,97070
107985,96991
108039,97115
108106,97085
108104,97104
108048,97011
107964,97041
108120,97079
108083,97121
108088,97068
108048,97045
108051,96989
108122,97130
108152,97091
108053,97111
108022,96998
108074,97048
108109,97136
108141,97124
108131,97119
108098,97024
108055,97073
108170,97118
108191,97135
108218,97098
108195,97112
108231,97092
108339,97214
108342,97241
108362,97232
108301,97130
108357,97205
108476,97219
108523,97287
108504,97288
108475,97251
108509,97263
108601,97310
108656,97371
108630,97320
108584,97321
108638,97363
108735,97426
108848,97416
108768,97370
108782,97398
108829,97408
108987,97503
109039,97513
109029,97539
108999,97481
109072,97500
109197,97622
109250,97588
109190,97629
109235,97528
109242,97582
109361,97696
109360,97680
109394,97683
109344,97585
109464,97714
109554,97736
109568,97747
109500,97753
109488,97683
109541,97746
109647,97825
109680,97814
109675,97782
109594,97727
109692,97846
109852,97901
109787,97864
109866,97898
109760,97822
109905,97878
110007,97991
109972,97971
110034,98002
109995,97871
110117,97987
110157,98069
110204,98072
110193,98017
110189,97979
110277,98066
110372,98174
110359,98143
110343,98090
110289,98068
110383,98088
110431,98224
110453,98177
110421,98120
110373,98101
110462,98104
110460,98214
110426,98145
110281,98081
110175,97947
110186,98010
110046,97982
109903,97880
109727,97754
109438,97624
109343,97584
109241,97560
109038,97488
108829,97316
108617,97244
108618,97224
108523,97245
108373,97152
108170,97038
108054,96929
108036,96977
107960,96994
107842,96925
107785,96843
107616,96749
107703,96820
107648,96813
107554,96821
107483,96732
107390,96696
107444,96745
107446,96817
107457,96754
107405,96764
107293,96690
107396,96719
107445,96821
107424,96731
107362,96745
107287,96661
107464,96793
107463,96802
107448,96810
107423,96720
107353,96730
107525,96793
107567,96813
107527,96854
107538,96796
107457,96734
107623,96884
107607,96910
107676,96878
107668,96906
107621,96853
107783,96965
107878,97056
107872,96982
107893,96974
107913,96994
108060,97053
108110,97147
108132,97074
108155,97128
108150,97042
108291,97209
108279,97183
108266,97182
108310,97143
108237,97093
108332,97213
108358,97194
108298,97188
108361,97168
108251,97108
108413,97226
108429,97173
108368,97176
108356,97144
108267,97153
108354,97222
108375,97205
108406,97168
108307,97147
108321,97118
108372,97209
108436,97217
108429,97228
108397,97196
108362,97118
108472,97278
108513,97242
108501,97283
108521,97184
108445,97193
108625,97284
108692,97374
108692,97294
108637,97302
108655,97296
108860,97389
108878,97454
108852,97431
108875,97358
108919,97376
109076,97526
109121,97542
109144,97563
109138,97475
109198,97543
109354,97659
109386,97712
109421,97650
109358,97617
109439,97666
109549,97699
109611,97722
109660,97729
109610,97751
109670,97701
109788,97870
109857,97810
109841,97818
109808,97835
109866,97867
110024,97962
110064,97963
110111,97948
110100,97902
110136,97963
110237,98017
110341,98062
110357,98086
110356,98013
110412,98072
110545,98174
110616,98168
110555,98188
110579,98113
110577,98205
110681,98259
110788,98287
110792,98248
110686,98233
110825,98260
110870,98307
110977,98322
110961,98339
110897,98324
111016,98325
111069,98419
111173,98461
111129,98416
111027,98381
111104,98390
111299,98492
111280,98535
111286,98459
111239,98417
111333,98519
111362,98558
111398,98518
111274,98516
111187,98359
111174,98392
111094,98440
110936,98323
110799,98219
110464,98036
110402,98030
110235,97978
109974,97838
109735,97735
109455,97499
109303,97535
109246,97468
109067,97427
108875,97308
108649,97227
108612,97196
108623,97249
108441,97160
108351,97051
108238,96987
108201,97051
108214,97090
108150,96969
108073,96998
107961,96920
108030,96935
108012,97015
107975,96964
107986,96978
107931,96849
108021,96947
108103,97046
108064,97008
108005,96950
107960,96941
108058,96954
108160,97062
108109,97050
108072,97036
108050,96946
108153,97089
108254,97113
108205,97090
108166,97078
108167,97039
108278,97090
108335,97189
108372,97203
108356,97144
108368,97121
108528,97258
108574,97295
108622,97272
108674,97339
108648,97243
108826,97372
108954,97486
108990,97454
108967,97475
108986,97410
109147,97541
109158,97543
109169,97541
109148,97524
109123,97469
109219,97584
109276,97581
109292,97553
109188,97590
109187,97477
109227,97603
109307,97586
109255,97581
109176,97560
109089,97500
109222,97516
109204,97603
109185,97502
109187,97493
109025,97458
109190,97533
109159,97553
109162,97517
109078,97467
109050,97412
109135,97540
109184,97584
109162,97472
109128,97511
109077,97485
109182,97537
109237,97590
109198,97535
109216,97513
109166,97521
109297,97558
109365,97637
109288,97621
109305,97564
109309,97555
109410,97644
109508,97751
109461,97691
109411,97669
109408,97650
109588,97702
109606,97788
109646,97722
109611,97718
109577,97655
109724,97821
109764,97766
109770,97844
109763,97763
109749,97784
109881,97853
109900,97916
109905,97871
109942,97848
109910,97856
110015,97966
110088,97964
110108,97971
110093,97926
110033,97942
110208,98012
110202,98064
110218,97995
110189,98014
110182,97960
110337,98098
110424,98104
110338,98086
110313,98035
110287,98027
110510,98169
110543,98184
110572,98220
110482,98140
110541,98121
110680,98238
110720,98294
110696,98256
110746,98192
110774,98247
110837,98341
110907,98383
110939,98307
110861,98329
110900,98287
111000,98397
111001,98367
110963,98396
110981,98284
110979,98385
111114,98391
111008,98403
110972,98332
110835,98243
110804,98284
110780,98245
110636,98212
110422,98083
110233,97974
110026,97876
109931,97865
109706,97737
109509,97593
109268,97489
109079,97455
108962,97409
108904,97383
108642,97234
108544,97153
108364,97099
108365,97143
108254,97113
108169,96996
107959,96934
107974,96930
107924,96992
107892,96911
107818,96886
107738,96820
107671,96805
107790,96911
107741,96848
107723,96838
107641,96770
107655,96842
107648,96858
107726,96846
107685,96839
107596,96784
107698,96868
107776,96859
107738,96914
107740,96842
107641,96825
107699,96845
107770,96941
107810,96930
107747,96889
107714,96856
107761,96885
107880,96893
107872,96983
107870,96919
107775,96927
107943,96971
107978,97057
108002,96990
108017,97071
107997,97019
108097,97059
108240,97135
108284,97122
108235,97166
108244,97067
108308,97203
108482,97267
108456,97245
108388,97227
108370,97151
108435,97245
108563,97300
108480,97252
108477,97285
108376,97184
108508,97221
108542,97320
108521,97235
108456,97260
108368,97140
108461,97240
108456,97238
108415,97268
108441,97176
108312,97162
108458,97221
108451,97280
108419,97188
108412,97194
108319,97137
108361,97193
108448,97275
108368,97232
108376,97217
108346,97115
108445,97255
108569,97258
108489,97224
108534,97255
108410,97218
108596,97299
108606,97314
108652,97330
108637,97261
108584,97247
108701,97393
108773,97355
108782,97435
108792,97352
108689,97311
108920,97437
108935,97521
108897,97445
108966,97448
108920,97402
109074,97515
109084,97598
109088,97586
109150,97496
109063,97529
109275,97567
109280,97614
109332,97625
109328,97655
109307,97547
109459,97722
109461,97712
109444,97717
109482,97665
109476,97657
109592,97754
109668,97828
109639,97743
109645,97766
109626,97701
109789,97856
109849,97895
109825,97872
109816,97813
109823,97791
109984,97924
110067,97991
110069,97946
110037,97925
110057,97890
110190,97987
110266,98085
110247,98033
110201,98020
110258,97990
110328,98123
110381,98120
110426,98092
110404,98122
110370,98048
110501,98211
110551,98155
110530,98155
110506,98145
110502,98139
110640,98199
110595,98266
110588,98188
110523,98122
110469,98073
110468,98189
110413,98125
110274,98048
110058,97887
109873,97783
109823,97759
109620,97746
109365,97578
109184,97475
108923,97389
108849,97377
108818,97323
108537,97218
108393,97055
108281,97056
108250,97055
108094,97036
108030,96961
107887,96872
107726,96820
107816,96837
107741,96902
107651,96822
107523,96719
107525,96704
107539,96745
107518,96789
107470,96771
107431,96702
107363,96672
107431,96747
107515,96768
107386,96700
107419,96663
107403,96699
107459,96774
107486,96757
107463,96799
107409,96705
107442,96750
107549,96803
107525,96804
107512,96791
107478,96738
107483,96726
107607,96906
107625,96875
107589,96832
107618,96770
107667,96855
107728,96934
107827,96913
107795,96935
107777,96866
107878,96906
107965,97042
108063,97030
108015,97082
107974,97020
108113,97081
108233,97125
108190,97160
108225,97112
108145,97095
108189,97138
108328,97171
108357,97190
108271,97138
108259,97113
108267,97097
108343,97172
108387,97227
108291,97179
108210,97095
108309,97092
108348,97229
108347,97161
108306,97159
108206,97051
108273,97165
108359,97167
108314,97206
108282,97139
108223,97054
108350,97126
108332,97213
108379,97178
108276,97160
108239,97099
108373,97198
108461,97214
108419,97208
108410,97189
108336,97177
108406,97214
108562,97274
108517,97284
108519,97260
108459,97193
108609,97328
108701,97386
108657,97333
108669,97290
108614,97282
108740,97407
108883,97419
108863,97441
108837,97440
108769,97387
108958,97420
108956,97542
109020,97477
109056,97471
108936,97454
109021,97519
109177,97578
109136,97563
109207,97554
109132,97517
109196,97608
109312,97620
109333,97644
109283,97652
109245,97523
109399,97640
109435,97744
109392,97712
109430,97689
109354,97616
109551,97735
109580,97800
109549,97741
109595,97800
109512,97668
109695,97831
109794,97819
109815,97851
109762,97852
109715,97808
109901,97842
109940,97975
109989,97883
109956,97941
109878,97861
110050,98017
110143,98053
110111,98006
110217,98008
110163,97966
110275,98082
110315,98107
110371,98080
110330,98070
110314,98017
110435,98145
110526,98201
110468,98104
110483,98180
110419,98042
110513,98210
110502,98171
110534,98151
110428,98064
110270,98009
110259,98006
110225,98058
109995,97872
109845,97775
109528,97640
109478,97694
109355,97583
109153,97448
108929,97377
108669,97276
108673,97229
108577,97260
108435,97125
108185,97058
108025,96960
108080,97004
108011,96929
107856,96929
107770,96805
107621,96772
107662,96783
107672,96829
107588,96778
107467,96718
107433,96686
107483,96698
107551,96741
107436,96732
107395,96718
107362,96638
107456,96779
107509,96810
107445,96758
107424,96686
107431,96686
107493,96782
107570,96827
107506,96755
107527,96707
107487,96742
107622,96851
107639,96843
107613,96805
107617,96826
107566,96797
107755,96868
107735,96933
107734,96906
107743,96901
107807,96850
107912,96980
107946,97008
107992,97005
108047,96996
108030,97012
108245,97142
108249,97155
108320,97124
108300,97120
108338,97123
108445,97242
108563,97277
108528,97215
108517,97222
108532,97226
108599,97262
108645,97262
108636,97262
108531,97217
108584,97237
108696,97300
108635,97314
108653,97257
108525,97194
108588,97201
108667,97316
108652,97255
108645,97279
108558,97194
108548,97259
108613,97289
108718,97308
108651,97292
108573,97197
108585,97275
108740,97355
108692,97315
108675,97268
108649,97284
108678,97272
108786,97387
108814,97378
108802,97356
108760,97302
108834,97320
108906,97448
108968,97407
108924,97421
108939,97370
108973,97453
109105,97474
109092,97539
109117,97477
109077,97471
109193,97497
109212,97604
109255,97581
109313,97571
109290,97580
109303,97619
109455,97660
109440,97701
109536,97683
109460,97609
109524,97707
109604,97794
109678,97774
109643,97774
109563,97668
109699,97747
109712,97865
109799,97819
109729,97812
109708,97748
109845,97818
109885,97930
109880,97837
109873,97872
109844,97780
109968,97902
110010,97972
109994,97925
109999,97925
109946,97909
110049,97920
110212,98022
110152,97990
110177,98031
110083,97932
110244,98057
110350,98087
110387,98059
110349,98109
110332,98028
110453,98156
110568,98165
110571,98181
110535,98178
110531,98121
110612,98218
110798,98301
110765,98267
110787,98294
110751,98184
110810,98319
110949,98383
110845,98338
110900,98336
110807,98223
110889,98319
110814,98302
110743,98193
110598,98108
110306,97980
110332,97995
110167,97941
109863,97819
109674,97710
109359,97542
109328,97526
109227,97520
108975,97403
108868,97332
108621,97169
108633,97238
108580,97198
108392,97134
108330,97062
108119,96990
108172,96999
108130,97009
108064,96944
108027,96898
107916,96848
107994,96946
108032,96947
107926,96918
107871,96903
107767,96825
107974,96948
107953,96919
107935,96954
107921,96875
107856,96867
107967,96958
107994,96964
108021,96995
107980,96927
107978,96912
108094,97019
108091,97029
108153,96990
108098,96987
108088,96953
108149,97075
108220,97068
108251,97075
108189,97076
108123,97000
108326,97077
108335,97181
108329,97157
108261,97111
108320,97064
108374,97192
108520,97249
108452,97255
108441,97205
108462,97175
108541,97260
108570,97311
108608,97262
108518,97243
108440,97219
108589,97274
108617,97324
108538,97238
108446,97221
108388,97143
108471,97225
108476,97265
108358,97196
108365,97153
108329,97104
108321,97221
108313,97200
108298,97156
108156,97083
108133,97091
108177,97114
108215,97188
108193,97116
108091,97106
108008,97060
108080,97093
108085,97075
108031,97044
107956,97015
107988,97003
108054,97090
108001,97132
108024,97075
107917,97052
107964,97006
107980,97094
108008,97147
107956,97087
107943,97025
107959,97053
108043,97142
108045,97103
108054,97080
108023,97068
107980,97057
108171,97160
108221,97159
108172,97172
108081,97125
108159,97113
108234,97220
108308,97276
108255,97226
108241,97140
108227,97225
108403,97266
108427,97301
108355,97292
108300,97235
108340,97209
108415,97342
108495,97352
108422,97278
108431,97222
108499,97314
108589,97424
108586,97350
108584,97406
108518,97334
108566,97318
108699,97414
108748,97450
108684,97380
108684,97405
108713,97417
108851,97440
108881,97469
108848,97443
108820,97438
108843,97491
108978,97567
108967,97520
108886,97520
108890,97480
108944,97478
109031,97636
109067,97613
109022,97572
108928,97514
109008,97538
109104,97617
109038,97624
109065,97557
108944,97493
109006,97541
109082,97627
109033,97537
108900,97562
108805,97405
108864,97470
108835,97487
108713,97384
108566,97269
108368,97187
108323,97188
108265,97202
108108,97126
107949,96974
107707,96910
107664,96838
107649,96933
107515,96828
107319,96741
107145,96590
107122,96655
107014,96654
106888,96567
106805,96526
106621,96449
106587,96416
106553,96503
106514,96406
106374,96392
106279,96244
106263,96341
106319,96334
106244,96287
106162,96293
106067,96183
106100,96206
106196,96279
106067,96243
106065,96250
105956,96091
106090,96245
106062,96257
106060,96209
106098,96212
105989,96173
106107,96220
106183,96303
106127,96217
106139,96286
106088,96150
106206,96293
106211,96323
106226,96321
106244,96247
106186,96217
106291,96344
106403,96381
106334,96348
106395,96383
106346,96329
106477,96388
106554,96419
106544,96436
106609,96438
106496,96442
106657,96465
106658,96539
106647,96494
106662,96472
106596,96455
106670,96560
106683,96542
106701,96514
106708,96532
106581,96487
106723,96505
106750,96611
106695,96496
106710,96488
106570,96477
106676,96477
106710,96600
106623,96483
106584,96505
106457,96423
106634,96485
106560,96535
106586,96463
106492,96471
106460,96397
106537,96489
106566,96473
106544,96439
106476,96435
106397,96428
106514,96424
106571,96531
106442,96477
106433,96460
106374,96343
106481,96496
106533,96460
106451,96485
106398,96444
106343,96431
106495,96433
106471,96531
106461,96443
106412,96444
106296,96423
106455,96500
106480,96509
106433,96493
106402,96413
106401,96413
106473,96533
106539,96562
106506,96508
106426,96492
106415,96426
106572,96520
106617,96587
106581,96490
106516,96503
106531,96443
106597,96566
106714,96585
106667,96570
106648,96516
106560,96536
106734,96581
106706,96612
106725,96593
106617,96558
106658,96513
106776,96622
106839,96624
106769,96624
106751,96586
106767,96616
106881,96624
106865,96720
106902,96642
106823,96616
106866,96602
106983,96724
106965,96759
106975,96667
106904,96665
106997,96646
107028,96749
107135,96799
107098,96752
107026,96684
107066,96675
107193,96833
107241,96774
107211,96805
107094,96742
107163,96762
107187,96797
107208,96754
107117,96746
107018,96667
106971,96599
106914,96686
106915,96617
106706,96505
106570,96421
106472,96399
106380,96407
106268,96344
106169,96253
105964,96177
105843,96133
105754,96093
105688,96099
105546,95938
105405,95905
105350,95847
105310,95899
105212,95811
105127,95817
104972,95672
104958,95725
105017,95743
104924,95714
104889,95695
104791,95607
104753,95611
104904,95710
104878,95651
104836,95674
104690,95626
104749,95631
104880,95662
104833,95646
104792,95661
104793,95591
104855,95641
104901,95724
104999,95722
104932,95726
104939,95705
104988,95750
105075,95795
105155,95824
105146,95835
105082,95735
105141,95830
105332,95908
105324,95944
105374,95874
105325,95856
105454,95967
105589,96012
105577,96029
105636,96018
105662,96027
105770,96142
105902,96159
105955,96161
105985,96187
105918,96176
106055,96262
106231,96289
106197,96335
106245,96310
106148,96280
106259,96335
106404,96396
106305,96355
106367,96353
106232,96252
106386,96355
106402,96435
106388,96372
106345,96353
106287,96268
106370,96368
106464,96411
106382,96396
106344,96330
106325,96294
106437,96373
106481,96427
106449,96396
106383,96409
106310,96345
106461,96380
106500,96479
106494,96440
106441,96419
106355,96366
106506,96414
106488,96482
106530,96427
106497,96396
106453,96382
106513,96472
106627,96547
106567,96458
106605,96501
106534,96431
106668,96538
106728,96522
106686,96567
106737,96530
106618,96507
106754,96590
106803,96622
106855,96582
106889,96595
106754,96572
106952,96656
106970,96657
106946,96712
106945,96650
106912,96606
107024,96762
107120,96722
107130,96724
107127,96746
107005,96702
107192,96805
107222,96785
107276,96832
107276,96811
107181,96782
107370,96872
107437,96899
107369,96886
107415,96885
107392,96833
107514,96948
107511,96952
107540,96930
107551,96909
107490,96930
107622,96959
107696,97075
107711,97001
107673,97020
107646,96944
107730,97054
107857,97114
107836,97064
107799,97078
107738,97074
107870,97081
107917,97182
107836,97120
107833,97071
107807,97068
107878,97121
107900,97164
107844,97107
107784,97048
107722,97005
107787,97062
107679,97087
107542,96974
107442,96905
107292,96825
107228,96834
107120,96763
106958,96703
106764,96543
106635,96512
106615,96531
106430,96482
106289,96388
106098,96278
105932,96220
105922,96201
105846,96168
105693,96136
105492,96054
105437,95955
105396,96003
105350,96029
105278,95941
105105,95856
105082,95838
105078,95926
105041,95914
105045,95834
104945,95804
104858,95783
104932,95807
104965,95877
104900,95806
104850,95782
104826,95760
104896,95819
104927,95874
104943,95834
104835,95778
104932,95809
104961,95886
105020,95915
105034,95884
104938,95860
105014,95904
105145,95923
105176,95954
105147,95958
105103,95894
105193,95932
105292,96078
105323,96065
105348,96059
105347,95976
105473,96068
105562,96172
105705,96185
105653,96196
105656,96170
105802,96217
105878,96339
105999,96326
105965,96346
106014,96296
106077,96357
106152,96428
106236,96426
106152,96432
106145,96402
106217,96408
106339,96530
106297,96511
106336,96494
106273,96446
106333,96444
106385,96563
106346,96546
106355,96475
106276,96429
106336,96516
106402,96490
106407,96584
106348,96513
106312,96437
106382,96448
106441,96603
106444,96529
106396,96549
106278,96476
106412,96492
106455,96583
106485,96563
106400,96534
106426,96516
106469,96567
106538,96607
106531,96572
106525,96614
106460,96514
106538,96596
106674,96641
106610,96670
106602,96614
106522,96596
106663,96695
106730,96694
106731,96714
106736,96706
106675,96671
106740,96720
106846,96822
106805,96738
106862,96759
106733,96720
106895,96813
106959,96806
106961,96808
106993,96856
106876,96777
107024,96845
107156,96892
107059,96910
107122,96864
107021,96848
107191,96955
107296,96984
107262,96977
107215,96969
107212,96911
107293,97004
107410,97076
107360,96982
107388,96990
107355,96962
107435,97086
107536,97105
107552,97126
107507,97118
107482,97028
107611,97128
107733,97206
107693,97228
107694,97200
107608,97128
107717,97243
107839,97224
107845,97239
107796,97239
107721,97171
107923,97257
107954,97347
107872,97308
107888,97256
107789,97183
107965,97331
107959,97333
107932,97339
107863,97280
107663,97171
107765,97249
107712,97159
107553,97137
107423,97038
107240,96904
107172,96962
107156,96901
106978,96795
106764,96737
106593,96597
106551,96601
106510,96629
106276,96550
106186,96404
105953,96347
106019,96390
105961,96368
105754,96293
105653,96205
105530,96137
105543,96237
105530,96234
105453,96151
105351,96121
105210,96076
105330,96109
105279,96126
105293,96068
105218,96036
105098,96009
105177,96068
105280,96130
105181,96049
105182,96005
105154,96029
105264,96057
105249,96128
105288,96111
105231,96099
105147,96053
105311,96124
105352,96203
105380,96172
105349,96165
105312,96106
105503,96195
105504,96268
105520,96205
105503,96245
105549,96180
105732,96292
105714,96332
105797,96345
105748,96346
105818,96367
105924,96444
106047,96480
106048,96470
106077,96481
106083,96457
106247,96600
106347,96615
106309,96622
106274,96525
106291,96563
106458,96623
106460,96653
106442,96638
106397,96624
106377,96633
106555,96710
106506,96716
106488,96693
106432,96589
106502,96622
106511,96703
106608,96702
106501,96678
106509,96644
106466,96600
106580,96729
106536,96693
106572,96717
106442,96645
106506,96613
106520,96713
106641,96729
106562,96655
106543,96670
106518,96635
106601,96686
106643,96725
106580,96700
106542,96669
106591,96695
106661,96726
106699,96810
106678,96720
106658,96734
106608,96754
106802,96855
106758,96817
106747,96833
106678,96766
106810,96813
106849,96870
106903,96904
106888,96824
106835,96827
106894,96846
107028,96954
107021,96913
107029,96964
106995,96863
107024,96925
107190,97010
107168,97048
107135,96998
107131,96928
107176,97011
107249,97075
107279,97026
107332,97050
107269,97029
107345,97045
107416,97179
107446,97132
107417,97137
107379,97085
107483,97117
107578,97247
107570,97166
107548,97176
107538,97127
107628,97176
107667,97230
107761,97307
107686,97246
107631,97210
107798,97259
107820,97347
107847,97320
107866,97307
107823,97256
107862,97335
107942,97357
107980,97351
107907,97343
107902,97304
107925,97388
107997,97435
108023,97388
108010,97357
107836,97324
107973,97372
107919,97374
107843,97317
107777,97239
107560,97168
107580,97131
107442,97160
107359,97029
107161,96942
106949,96847
106870,96836
106831,96828
106637,96755
106466,96627
106241,96532
106229,96541
106224,96527
106013,96477
105847,96392
105748,96279
105736,96313
105649,96311
105615,96239
105447,96219
105352,96105
105344,96184
105353,96184
105319,96159
105241,96151
105084,96024
105218,96166
105234,96118
105125,96084
105160,96100
105026,96060
105175,96090
105209,96177
105145,96125
105125,96088
105055,96008
105162,96168
105197,96169
105235,96163
105162,96121
105098,96098
105310,96159
105347,96229
105289,96219
105358,96180
105289,96177
105457,96244
105473,96311
105498,96313
105558,96294
105455,96261
105623,96322
105762,96447
105762,96372
105745,96394
105794,96399
105901,96494
106033,96531
106046,96546
105994,96527
106002,96463
106178,96580
106201,96586
106230,96576
106203,96573
106115,96569
106236,96657
106337,96712
106278,96609
106296,96651
106230,96594
106367,96657
106348,96655
106360,96702
106306,96638
106255,96637
106355,96697
106369,96680
106391,96655
106283,96650
106269,96596
106328,96645
106412,96680
106325,96694
106277,96618
106262,96652
106347,96708
106341,96698
106372,96711
106289,96643
106295,96627
106449,96724
106374,96718
106421,96733
106392,96705
106325,96678
106499,96747
106458,96774
106442,96772
106453,96733
106393,96701
106549,96849
106578,96812
106600,96815
106557,96756
106521,96790
106626,96810
106721,96853
106617,96866
106690,96835
106664,96814
106795,96920
106828,96949
106800,96885
106781,96868
106770,96902
106925,96973
106868,96970
106915,96942
106906,96912
106889,96964
107025,96978
107071,97059
107069,96979
107043,96991
107030,97021
107132,97116
107223,97103
107139,97077
107120,97059
107139,97066
107285,97124
107383,97176
107288,97159
107249,97116
107339,97131
107465,97249
107422,97234
107415,97230
107366,97169
107367,97198
107570,97307
107534,97288
107539,97237
107470,97250
107554,97240
107607,97278
107669,97367
107598,97315
107592,97221
107631,97244
107656,97296
107709,97337
107571,97216
107478,97165
107403,97178
107352,97156
107272,97086
107107,96981
106902,96942
106787,96878
106801,96874
106670,96808
106458,96752
106302,96617
106203,96612
106107,96583
106013,96500
105843,96469
105710,96347
105616,96320
105627,96397
105523,96283
105359,96253
105207,96149
105249,96168
105251,96225
105210,96139
105061,96138
104963,96038
105047,96110
105033,96130
105046,96073
104989,96098
104899,96048
104935,96041
105034,96097
104946,96149
104984,96078
104880,96004
105024,96136
105089,96184
105045,96124
105029,96154
104960,96041
105068,96192
105152,96210
105201,96177
105190,96181
105102,96142
105251,96226
105304,96236
105343,96267
105317,96293
105320,96220
105394,96325
105547,96409
105543,96324
105596,96384
105553,96363
105708,96430
105891,96537
105863,96469
105817,96543
105827,96481
105988,96561
106093,96594
106018,96634
106099,96618
105959,96566
106140,96651
106195,96706
106198,96701
106217,96638
106066,96620
106256,96701
106253,96694
106300,96690
106242,96641
106157,96645
106304,96668
106320,96706
106311,96726
106271,96684
106173,96590
106278,96734
106302,96725
106296,96756
106276,96664
106219,96629
106302,96696
106353,96773
106353,96752
106315,96679
106230,96678
106288,96768
106407,96805
106327,96712
106356,96777
106306,96673
106417,96789
106461,96810
106433,96749
106440,96809
106380,96709
106448,96836
106558,96840
106601,96852
106512,96836
106489,96769
106598,96869
106711,96969
106672,96882
106657,96936
106565,96869
106757,96933
106862,97001
106806,96974
106798,96913
106780,96926
106859,97023
106958,97010
106958,97041
106895,97006
106852,96990
107031,97118
107124,97110
107014,97118
106996,97060
107021,97047
107146,97098
107171,97137
107182,97140
107116,97121
107159,97080
107240,97200
107329,97253
107278,97162
107258,97212
107217,97159
107412,97247
107434,97295
107419,97221
107419,97226
107368,97245
107474,97275
107524,97386
107511,97325
107517,97317
107469,97282
107669,97351
107692,97383
107614,97366
107642,97353
107600,97305
107763,97404
107789,97435
107752,97423
107660,97387
107655,97401
107827,97444
107867,97485
107794,97392
107669,97387
107656,97301
107650,97352
107610,97337
107452,97223
107290,97107
107162,97125
107185,97079
107002,97075
106900,96940
106660,96826
106577,96775
106472,96814
106402,96785
106261,96612
106037,96562
105962,96486
105960,96567
105833,96525
105694,96438
105554,96353
105512,96297
105540,96374
105463,96361
105420,96298
105241,96255
105240,96264
105292,96279
105295,96254
105228,96229
105112,96200
105104,96227
105211,96294
105206,96265
105264,96264
105134,96193
105187,96261
105281,96264
105282,96321
105316,96274
105238,96203
105253,96319
105444,96352
105377,96376
105380,96366
105353,96276
105479,96364
105554,96436
105548,96418
105576,96460
105526,96413
105643,96447
105741,96534
105808,96525
105773,96525
105779,96498
105919,96568
106044,96689
106026,96672
106113,96706
106093,96610
106203,96736
106323,96809
106370,96783
106361,96742
106301,96745
106459,96811
106489,96871
106473,96845
106551,96869
106413,96812
106555,96852
106657,96923
106614,96930
106595,96848
106519,96841
106657,96883
106685,96969
106676,96931
106629,96887
106545,96852
106650,96901
106722,96995
106669,96898
106669,96957
106594,96827
106668,96884
106781,96982
106664,96953
106708,96944
106583,96848
106724,96973
106785,96993
106757,96950
106782,96978
106665,96904
106810,96923
106828,97036
106875,97001
106817,97021
106766,96965
106899,97004
106991,97113
106991,97067
106950,97046
106890,97016
107053,97108
107084,97152
107083,97152
107132,97088
107086,97057
107182,97179
107217,97192
107315,97243
107298,97211
107209,97150
107356,97276
107436,97263
107444,97302
107388,97273
107386,97240
107486,97318
107561,97343
107615,97326
107595,97376
107538,97266
107636,97422
107795,97422
107774,97416
107743,97422
107689,97402
107821,97476
107879,97513
107837,97503
107878,97471
107839,97443
107938,97536
108053,97592
108034,97596
108024,97542
107949,97528
108187,97637
108195,97621
108241,97667
108203,97646
108160,97573
108337,97692
108327,97725
108392,97723
108387,97728
108345,97713
108499,97740
108552,97781
108535,97814
108525,97802
108458,97712
108593,97864
108600,97850
108618,97859
108577,97816
108544,97820
108680,97867
108680,97908
108569,97783
108499,97727
108397,97678
108372,97734
108276,97625
108092,97606
107983,97445
107778,97354
107748,97395
107572,97350
107412,97226
107256,97159
107086,97027
107098,97064
107037,97051
106883,96970
106678,96889
106574,96800
106558,96849
106484,96832
106395,96793
106296,96710
106148,96663
106253,96699
106135,96731
106045,96669
105995,96573
105985,96552
106037,96667
106016,96640
106006,96654
105916,96612
105870,96589
106004,96624
106036,96673
105983,96646
105906,96605
105885,96588
106050,96644
106116,96715
106070,96689
106044,96623
106014,96703
106116,96700
106173,96771
106172,96775
106155,96721
106143,96713
106281,96793
106349,96820
106368,96819
106293,96836
106397,96811
106502,96957
