ir,red
106588,96924
106605,96958
106548,96962
106627,96962
106787,97066
106860,97117
106824,97091
106820,97047
106920,97097
107056,97186
107027,97203
107066,97154
107001,97151
107004,97176
107143,97257
107140,97259
107146,97224
107057,97136
107117,97169
107214,97245
107231,97270
107141,97253
107064,97152
107080,97234
107221,97255
107207,97254
107107,97214
107064,97108
107114,97173
107161,97276
107089,97240
107079,97179
107075,97113
107057,97204
107167,97202
107131,97253
107106,97163
107064,97131
107110,97228
107189,97207
107158,97280
107133,97192
107073,97164
107102,97209
107265,97254
107188,97282
107230,97243
107138,97213
107258,97244
107265,97336
107336,97322
107311,97322
107214,97245
107336,97285
107473,97357
107465,97358
107510,97335
107363,97344
107543,97365
107582,97467
107641,97409
107630,97469
107585,97344
107684,97421
107802,97529
107793,97481
107830,97524
107731,97471
107877,97542
107941,97618
107957,97533
107959,97602
107932,97498
108056,97624
108098,97695
108120,97638
108081,97611
108091,97571
108148,97700
108242,97743
108208,97688
108287,97740
108172,97669
108345,97757
108379,97789
108405,97796
108357,97764
108294,97742
108458,97845
108529,97815
108561,97882
108519,97824
108499,97804
108638,97850
108694,97908
108705,97884
108696,97953
108678,97853
108806,97979
108850,98033
108828,97979
108795,97977
108745,97882
108952,97996
108984,98084
108942,98064
108967,97999
108877,97994
109006,98004
109049,98116
109007,98004
108952,98047
108823,97912
108894,98004
108808,97908
108682,97829
108518,97771
108230,97673
108281,97690
108132,97659
107952,97551
107797,97404
107580,97354
107558,97338
107454,97320
107359,97251
107245,97140
107038,97048
107075,97110
106931,97071
106815,97025
106779,96943
106569,96890
106632,96900
106603,96962
106579,96882
106439,96871
106311,96743
106440,96888
106424,96856
106324,96823
106300,96763
106225,96745
106335,96860
106337,96859
106299,96828
106258,96793
106228,96803
106329,96823
106411,96908
106339,96871
106284,96851
106269,96800
106467,96905
106469,96980
106434,96884
106411,96914
106390,96834
106562,96967
106589,96991
106571,97014
106573,96938
106528,96997
106655,97067
106742,97096
106807,97108
106764,97095
106838,97057
106908,97187
107043,97228
107089,97190
107045,97234
107113,97204
107193,97341
107307,97382
107271,97296
107244,97298
107315,97297
107432,97353
107464,97455
107436,97367
107457,97378
107400,97316
107527,97417
107606,97443
107484,97424
107507,97359
107412,97345
107586,97397
107542,97432
107570,97415
107463,97380
107492,97391
107568,97457
107607,97432
107534,97403
107459,97337
107490,97318
107604,97470
107629,97398
107609,97384
107549,97402
107505,97410
107615,97423
107655,97480
107633,97463
107562,97416
107590,97416
107735,97472
107835,97510
107759,97476
107744,97474
107740,97443
107910,97583
107892,97608
107925,97540
107904,97545
108000,97567
108095,97678
108110,97640
108129,97652
108149,97591
108203,97656
108366,97766
108390,97808
108423,97741
108351,97715
108532,97789
108663,97868
108694,97903
108711,97892
108637,97882
108763,97881
108912,98042
108962,98029
108947,98051
108924,97986
109095,98051
109156,98130
109227,98125
109232,98091
109243,98067
109347,98135
109420,98278
109503,98229
109489,98293
109490,98210
109583,98316
109741,98348
109699,98347
109785,98344
109695,98339
109831,98419
109897,98465
110033,98462
109992,98505
110001,98454
110075,98473
110287,98626
110233,98609
110244,98577
110236,98535
110382,98619
110424,98745
110444,98695
110449,98655
110438,98626
110520,98690
110617,98792
110554,98722
110641,98745
110534,98676
110645,98797
110707,98795
110611,98785
110589,98691
110387,98629
110414,98665
110308,98601
110128,98488
109876,98381
109581,98161
109436,98121
109251,98079
108952,97967
108724,97789
108500,97677
108417,97672
108294,97630
108196,97588
108052,97449
107847,97410
107847,97391
107848,97439
107719,97371
107589,97286
107459,97186
107506,97292
107485,97269
107452,97220
107398,97200
107236,97133
107289,97183
107329,97193
107310,97164
107217,97188
107122,97118
107270,97169
107256,97204
107315,97212
107225,97200
107191,97089
107346,97180
107363,97288
107321,97262
107348,97196
107299,97208
107416,97266
107425,97316
107464,97267
107444,97322
107411,97247
107529,97383
107553,97366
107631,97402
107609,97340
107630,97336
107767,97477
107856,97542
107822,97458
107906,97525
107846,97514
108015,97633
108135,97644
108160,97633
108212,97663
108169,97616
108328,97773
108423,97763
108369,97785
108392,97766
108373,97693
108524,97804
108543,97859
108516,97829
108426,97789
108425,97717
108472,97845
108520,97822
108451,97796
108443,97746
108345,97676
108489,97765
108462,97765
108435,97723
108410,97695
108291,97657
108447,97798
108382,97763
108389,97744
108278,97709
108307,97654
108400,97727
108425,97796
108312,97757
108366,97668
108232,97703
108358,97779
108372,97774
108355,97763
108373,97663
108326,97744
108419,97788
108492,97773
108494,97757
108444,97753
108474,97752
108499,97821
108581,97858
108608,97867
108544,97826
108562,97854
108712,97869
108741,97966
108709,97936
108674,97852
108705,97927
108841,97923
108916,98033
108856,97964
108848,97949
108878,97931
109030,98041
109025,98091
108991,98061
109006,98010
109010,98019
109161,98108
109219,98149
109172,98128
109133,98068
109218,98091
109361,98221
109346,98189
109393,98172
109329,98185
109375,98225
109503,98230
109534,98323
109568,98288
109498,98247
109550,98261
109675,98393
109735,98342
109733,98363
109669,98339
109719,98374
109892,98423
109826,98477
109898,98419
109808,98420
109902,98429
109960,98523
110030,98532
109975,98466
110011,98453
110027,98510
110139,98606
110117,98579
110131,98524
110101,98534
110156,98508
110242,98647
110179,98583
110195,98549
110050,98516
110071,98483
110010,98539
109988,98447
109777,98341
109556,98230
109391,98189
109333,98130
109100,98061
108855,97899
108665,97777
108592,97762
108461,97737
108367,97672
108173,97532
108035,97438
107976,97464
107911,97514
107825,97404
107672,97405
107601,97263
107535,97336
107549,97310
107438,97261
107404,97255
107239,97162
107303,97229
107301,97228
107297,97246
107203,97171
107120,97142
107156,97129
107224,97262
107172,97198
107177,97205
107101,97100
107137,97190
107254,97254
107200,97186
107214,97243
107077,97168
107202,97259
107289,97303
107248,97270
107286,97275
107186,97215
107333,97278
107406,97327
107375,97369
107397,97301
107325,97295
107488,97343
107615,97395
107567,97422
107650,97421
107544,97419
107758,97515
107793,97594
107867,97527
107877,97553
107871,97548
108040,97607
108099,97704
108137,97659
108144,97695
108120,97643
108224,97717
108294,97781
108295,97742
108238,97705
108171,97613
108310,97771
108358,97739
108289,97769
108290,97689
108171,97696
108347,97741
108314,97790
108253,97722
108246,97732
108190,97649
108324,97752
108266,97776
108243,97686
108228,97697
108174,97597
108263,97659
108330,97733
108239,97718
108269,97704
108175,97606
108305,97742
108342,97727
108351,97718
108308,97680
108291,97645
108414,97722
108466,97835
108476,97795
108447,97780
108392,97707
108537,97850
108645,97881
108556,97856
108573,97853
108591,97790
108794,97936
108767,97991
108849,97950
108805,97947
108799,97922
108968,97996
109069,98087
109012,98025
109059,98011
108995,98039
109172,98159
109223,98155
109219,98123
109214,98144
109237,98107
109332,98183
109392,98274
109411,98217
109429,98207
109403,98172
109559,98345
109632,98307
109577,98324
109601,98283
109613,98265
109751,98425
109832,98392
109805,98438
109821,98384
109761,98404
109970,98525
109968,98513
110024,98478
110002,98438
109965,98526
110145,98573
110144,98610
110176,98576
110138,98530
110139,98517
110248,98634
110393,98663
110329,98641
110282,98618
110370,98633
110459,98734
110518,98690
110460,98715
110514,98678
110457,98696
110634,98769
110670,98799
110571,98760
110590,98700
110505,98674
110584,98776
110478,98713
110379,98560
110123,98489
109965,98374
109785,98345
109595,98215
109335,98093
109064,97931
108833,97880
108761,97852
108563,97789
108434,97665
108266,97528
108141,97559
108135,97557
107991,97528
107923,97420
107761,97326
107699,97343
107677,97408
107656,97311
107540,97319
107410,97232
107389,97183
107454,97315
107406,97228
107353,97191
107315,97148
107301,97226
107338,97301
107329,97222
107309,97247
107281,97140
107323,97207
107432,97316
107370,97300
107325,97262
107345,97184
107356,97298
107513,97345
107481,97322
107460,97282
107431,97271
107475,97332
107579,97381
107605,97407
107597,97415
107524,97358
107654,97386
107722,97496
107756,97497
107808,97444
107803,97412
107846,97510
108051,97621
108029,97637
108063,97625
108055,97568
108243,97698
108358,97753
108341,97761
108323,97750
108284,97694
108469,97806
108549,97890
108503,97839
108545,97782
108479,97753
108520,97774
108590,97891
108587,97804
108562,97786
108504,97761
108554,97835
108588,97847
108517,97821
108571,97804
108445,97729
108476,97752
108543,97811
108527,97781
108491,97790
108364,97708
108507,97776
108499,97813
108516,97793
108471,97761
108342,97708
108501,97802
108543,97791
108562,97818
108514,97795
108490,97698
108556,97801
108661,97887
108629,97879
108660,97812
108590,97816
108762,97862
108795,97914
108831,97947
108832,97957
108757,97865
108925,97996
109025,98031
109034,97995
109066,98037
108960,97970
109127,98044
109247,98110
109217,98091
109170,98094
109154,98068
109266,98115
109362,98190
109298,98176
109338,98171
109254,98104
109441,98182
109505,98286
109482,98186
109506,98245
109425,98187
109543,98250
109701,98308
109624,98320
109622,98308
109584,98230
109734,98377
109791,98411
109770,98329
109822,98351
109785,98353
109890,98434
110016,98491
109958,98435
110021,98420
109946,98401
110139,98543
110160,98561
110156,98530
110242,98524
110143,98538
110348,98621
110365,98659
110454,98617
110439,98623
110400,98642
110552,98747
110615,98732
110607,98741
110561,98701
110571,98671
110728,98813
110747,98838
110716,98797
110639,98719
110644,98762
110685,98794
110708,98767
110625,98695
110418,98572
110228,98470
110183,98537
109927,98403
109723,98252
109390,98100
109174,97967
108994,97945
108896,97899
108645,97768
108466,97633
108298,97557
108290,97635
108218,97534
108081,97521
107905,97397
107882,97334
107840,97371
107815,97438
107735,97303
107587,97289
107523,97234
107632,97299
107593,97308
107506,97266
107470,97201
107377,97180
107487,97320
107466,97290
107428,97234
107384,97211
107393,97222
107475,97249
107522,97305
107460,97293
107415,97261
107482,97251
107553,97337
107636,97395
107562,97377
107547,97294
107570,97302
107691,97443
107767,97398
107716,97464
107667,97391
107758,97411
107898,97531
107898,97537
107911,97532
107907,97550
108023,97514
108178,97640
108264,97707
108227,97675
108261,97626
108313,97738
108517,97810
108570,97856
108551,97827
108578,97822
108625,97830
108723,97953
108727,97908
108784,97916
108716,97848
108727,97899
108859,97986
108812,97896
108819,97879
108727,97856
108707,97884
108850,97932
108760,97945
108758,97867
108670,97812
108673,97834
108784,97927
108697,97824
108677,97858
108615,97743
108604,97842
108659,97829
108647,97889
108637,97792
108505,97798
108605,97794
108645,97844
108621,97812
108635,97799
108511,97743
108647,97859
108713,97869
108677,97894
108650,97841
108617,97786
108676,97883
108799,97992
108778,97876
108767,97937
108703,97830
108814,97911
108912,98009
108888,97935
108935,98013
108834,97923
108981,97973
109037,98095
109083,98030
109026,98077
109021,97966
109068,98096
109252,98145
109171,98110
109209,98091
109165,98024
109224,98153
109373,98239
109307,98191
109366,98142
109300,98137
109391,98213
109522,98235
109524,98286
109467,98251
109433,98215
109585,98273
109640,98332
109653,98310
109632,98317
109617,98236
109735,98381
109834,98450
109792,98382
109778,98410
109748,98329
109924,98440
109950,98484
109944,98496
109931,98420
109902,98429
110025,98470
110049,98573
110021,98525
110113,98523
110035,98485
110113,98572
110225,98564
110194,98561
110142,98573
110038,98483
110227,98581
110275,98608
110221,98593
110164,98561
110094,98467
110119,98562
110140,98556
110039,98475
109855,98401
109624,98276
109609,98293
109475,98221
109202,98110
108989,97991
108736,97795
108685,97857
108602,97785
108382,97706
108207,97594
108027,97459
108046,97506
107908,97515
107778,97405
107703,97351
107521,97228
107498,97351
107495,97295
107378,97215
107261,97172
107122,97156
107213,97149
107174,97153
107133,97123
107055,97062
106960,97085
107067,97093
107026,97184
107022,97133
106935,97073
106942,97044
107016,97114
107030,97192
107018,97098
106938,97124
106934,97067
107072,97210
107049,97216
107083,97148
106986,97158
107044,97114
107092,97216
107188,97289
107176,97260
107152,97235
107108,97190
107295,97339
107356,97330
107333,97344
107355,97279
107368,97331
107575,97434
107646,97461
107614,97479
107624,97474
107700,97444
107827,97584
107959,97620
107952,97580
107917,97597
107935,97550
108071,97672
108050,97707
108097,97659
108063,97578
108016,97623
108103,97722
108146,97654
108079,97669
108068,97579
108018,97568
108107,97695
108157,97686
108051,97633
108010,97558
107984,97532
108032,97656
108076,97681
107987,97567
107963,97505
107894,97581
108065,97629
108043,97626
107970,97614
107922,97542
107923,97580
107985,97620
107978,97617
107952,97615
107928,97545
107966,97549
108032,97673
108093,97622
108026,97667
108032,97599
108031,97641
108128,97734
108179,97668
108141,97682
108132,97625
108184,97690
108249,97790
108301,97785
108270,97721
108236,97712
108304,97711
108404,97774
108444,97831
108362,97817
108394,97755
108470,97838
108627,97923
108627,97923
108564,97885
108572,97878
108660,97863
108721,98007
108751,97940
108789,97947
108736,97929
108851,98036
108900,98072
108963,98055
108905,98041
108861,97955
109013,98082
109091,98147
109092,98073
109087,98137
109044,98019
109155,98127
109182,98197
109205,98194
109225,98197
109150,98130
109275,98211
109378,98259
109417,98247
109444,98259
109344,98191
109509,98291
109557,98299
109564,98329
109595,98345
109563,98293
109656,98378
109754,98431
109716,98420
109740,98391
109732,98318
109852,98436
109846,98450
109887,98491
109824,98428
109761,98345
109910,98470
109938,98458
109771,98415
109739,98386
109553,98230
109535,98270
109406,98238
109172,98062
108993,97998
108668,97837
108578,97810
108538,97780
108254,97699
108152,97557
107854,97451
107858,97468
107806,97474
107665,97357
107528,97294
107266,97202
107337,97236
107245,97260
107128,97204
107078,97090
106837,97041
106942,97109
106914,97112
106811,97066
106721,97004
106641,96911
106713,97032
106677,97041
106606,96998
106646,96951
106493,96919
106610,97006
106710,97017
106659,96971
106600,97014
106578,96911
106649,97057
106684,97083
106701,97056
106722,97020
106604,96981
106774,97103
106790,97078
106815,97067
106791,97085
106698,97091
106922,97123
106942,97200
106992,97190
106974,97182
106935,97128
107128,97250
107165,97310
107190,97269
107264,97302
107252,97303
107358,97418
107463,97400
107517,97458
107484,97399
107482,97434
107599,97511
107691,97511
107642,97464
107635,97485
107556,97478
107738,97476
107754,97566
107665,97493
107612,97430
107625,97466
107705,97503
107689,97555
107625,97499
107634,97451
107553,97422
107638,97464
107645,97453
107651,97504
107563,97461
107486,97388
107640,97443
107618,97520
107607,97420
107490,97418
107517,97372
107624,97482
107633,97438
107577,97417
107543,97380
107507,97378
107689,97522
107667,97463
107649,97463
107636,97472
107562,97458
107778,97535
107731,97512
107720,97490
107705,97509
107678,97494
107866,97567
107842,97632
107792,97596
107773,97518
107814,97565
107961,97598
107965,97679
108014,97601
107947,97608
107939,97593
108053,97720
108167,97711
108081,97717
108090,97678
108061,97662
108182,97776
108306,97785
108216,97751
108197,97736
108203,97677
108357,97851
108416,97799
108373,97813
108300,97782
108385,97788
108480,97910
108481,97875
108482,97820
108456,97797
108498,97831
108570,97950
108662,97940
108607,97940
108562,97870
108593,97924
108788,98025
108751,98001
108764,98010
108694,97946
108804,98018
108909,98108
108916,98042
108907,98085
108897,97986
108915,98078
109013,98119
109006,98091
109037,98112
108951,98036
108970,98103
109139,98170
109125,98171
109051,98155
108990,98049
109016,98128
109137,98151
108996,98106
108912,98018
108761,97937
108689,97943
108577,97880
108401,97829
108251,97694
108018,97588
107904,97569
107883,97531
107709,97436
107505,97352
107300,97263
107225,97241
107166,97265
107075,97174
106869,97141
106681,96984
106715,97002
106703,97018
106571,96995
106447,96957
106297,96790
106334,96926
106344,96869
106254,96877
106168,96853
106043,96734
106168,96819
106163,96844
106144,96818
106119,96810
105999,96748
106099,96819
106187,96859
106094,96819
106102,96771
106026,96755
106095,96822
106162,96920
106187,96843
106181,96826
106131,96824
106225,96928
106303,96935
106346,96935
106358,96946
106267,96920
106391,96973
106517,97007
106553,97018
106517,97060
106524,96974
106677,97083
106826,97166
106861,97163
106817,97205
106824,97152
106957,97267
107089,97289
107110,97324
107160,97308
107053,97229
107203,97334
107320,97415
107312,97375
107234,97352
107199,97289
107336,97352
107364,97436
107288,97400
107255,97343
107248,97282
107368,97369
107347,97454
107318,97381
107252,97341
107164,97313
107313,97333
107314,97444
107309,97306
107308,97318
107177,97290
107300,97353
107274,97368
107277,97307
107234,97308
107103,97296
107293,97322
107284,97407
107334,97356
107255,97332
107216,97323
107310,97389
107403,97394
107389,97394
107376,97395
107296,97355
107436,97418
107525,97495
107470,97455
107451,97428
107418,97383
107633,97512
107615,97511
107635,97494
107604,97516
107620,97488
107729,97594
107797,97632
107790,97609
107820,97574
107810,97571
107883,97614
107970,97703
107939,97609
107977,97636
107889,97640
108061,97691
108160,97753
108109,97708
108077,97699
108056,97725
108262,97784
108229,97825
108240,97827
108201,97786
108214,97740
108418,97863
108447,97954
108423,97839
108412,97861
108395,97804
108529,97906
108628,97961
108597,97978
108589,97877
108610,97955
108716,98037
108796,98069
108795,97988
108741,98024
108800,97977
108933,98086
108968,98129
108900,98097
108930,98040
109001,98070
109044,98178
109127,98172
109047,98116
109039,98112
109036,98162
109104,98169
109107,98183
109090,98150
108980,98102
108949,98021
108907,98118
108863,97989
108639,97960
108435,97771
108262,97761
108114,97696
108026,97625
107787,97542
107599,97373
107453,97344
107388,97399
107218,97285
107107,97172
106916,97096
106795,97032
106784,97080
106682,97038
106550,96969
106346,96873
106349,96856
106289,96926
106239,96914
106108,96803
106013,96724
106033,96789
106049,96775
106062,96798
105979,96762
105857,96674
105928,96740
105944,96779
105977,96804
105882,96720
105830,96672
105937,96762
105998,96826
105957,96790
105986,96772
105907,96700
105994,96769
106116,96835
106098,96813
106092,96857
106045,96764
106137,96882
106206,96892
106290,96956
106286,96917
106248,96915
106331,96935
106487,97018
106518,97032
106434,97037
106489,96979
106606,97073
106697,97165
106770,97186
106809,97151
106687,97154
106869,97238
106959,97321
106897,97262
106912,97220
106869,97171
107003,97258
106984,97346
107047,97270
107014,97292
106884,97208
106967,97293
107066,97296
106991,97307
106974,97267
106848,97165
106943,97233
106999,97312
106932,97226
106896,97241
106800,97156
106921,97216
106923,97296
106913,97197
106836,97211
106702,97107
106877,97195
106926,97274
106860,97254
106792,97210
106711,97104
106847,97165
106897,97272
106856,97192
106821,97226
106729,97162
106789,97219
106918,97282
106861,97222
106914,97242
106748,97181
106902,97229
107037,97302
107006,97281
106939,97294
106930,97192
107039,97335
107117,97353
107102,97354
107123,97327
107015,97308
107181,97409
107239,97375
107252,97399
107232,97405
107146,97338
107329,97443
107317,97517
107332,97405
107377,97431
107295,97392
107416,97478
107497,97584
107486,97493
107462,97529
107368,97462
107546,97541
107607,97559
107616,97595
107574,97550
107563,97531
107644,97644
107726,97633
107736,97624
107728,97608
107708,97579
107790,97635
107853,97699
107889,97690
107803,97707
107773,97614
107935,97740
108032,97755
107965,97748
107955,97722
107966,97678
108047,97768
108140,97857
108071,97777
108099,97767
108036,97777
108174,97872
108165,97858
108163,97843
108061,97771
108025,97734
108154,97796
108104,97767
107981,97703
107863,97640
107697,97516
107671,97583
107479,97528
107330,97399
107183,97309
106964,97186
106900,97260
106769,97149
106621,97109
106440,97027
106249,96915
106201,96906
106172,96892
105942,96806
105775,96750
105695,96653
105688,96704
105654,96704
105476,96598
105404,96528
105325,96522
105381,96564
105283,96577
105265,96505
105141,96482
105123,96468
105167,96496
105213,96500
105178,96497
105048,96444
105092,96441
105144,96524
105162,96524
105134,96536
105130,96451
105147,96525
105296,96524
105333,96619
105256,96573
105293,96529
105258,96581
105424,96622
105428,96655
105457,96597
105442,96614
105497,96625
105579,96750
105696,96736
105618,96736
105649,96709
105712,96777
105881,96888
105912,96897
105961,96835
105945,96807
106042,96868
106184,97022
106240,97032
106186,97012
106214,96965
106252,96947
106424,97078
106362,97083
106436,97029
106336,97058
106450,97039
106492,97129
106526,97127
106479,97055
106437,97031
106433,97059
106595,97180
106583,97075
106506,97099
106442,96999
106481,97083
106594,97140
106554,97088
106499,97093
106421,97007
106515,97063
106586,97138
106527,97081
106544,97124
106476,96994
106540,97093
106576,97109
106608,97167
106591,97090
106477,97080
106622,97132
106627,97151
106640,97133
106634,97196
106610,97053
106655,97183
106809,97249
106763,97216
106779,97238
106653,97181
106849,97245
106889,97320
106936,97290
106924,97317
106868,97205
107006,97320
107041,97330
107091,97385
107131,97343
107026,97331
107144,97378
107192,97431
107248,97462
107203,97445
107134,97411
107281,97441
107412,97493
107319,97514
107404,97475
107295,97465
107447,97568
107504,97570
107514,97578
107532,97524
107443,97550
107624,97550
107708,97651
107660,97648
107684,97619
107617,97559
107693,97664
107814,97689
107768,97698
107789,97682
107746,97615
107899,97774
107968,97764
107985,97803
107996,97763
107880,97722
108027,97753
108130,97871
108125,97794
108048,97854
108003,97771
108148,97842
108238,97860
108140,97880
108213,97847
108060,97793
108154,97866
108255,97894
108175,97854
108099,97794
107954,97702
107944,97767
107898,97723
107695,97609
107495,97540
107313,97360
107227,97416
107167,97340
106970,97263
106789,97191
106546,97039
106540,97106
106481,97001
106244,96959
106116,96891
105934,96760
105983,96801
105856,96821
105784,96716
105608,96660
105487,96598
105544,96610
105474,96674
105391,96611
105320,96523
105260,96457
105307,96541
105320,96600
105251,96553
105184,96454
105124,96497
105271,96515
105209,96585
105236,96522
105149,96469
105142,96481
105218,96576
105289,96615
105320,96559
105249,96512
105250,96512
105341,96627
105452,96634
105446,96619
105432,96595
105407,96597
105585,96705
105631,96748
105613,96740
105585,96706
105639,96710
105770,96849
105872,96852
105840,96878
105947,96838
105927,96873
106079,96975
106203,96968
106189,97008
106205,97013
106232,96939
106297,97087
106444,97116
106368,97036
106330,97049
106374,97037
106432,97120
106496,97178
106499,97085
106458,97044
106417,97086
106497,97136
106509,97143
106552,97131
106442,97092
106480,97060
106528,97137
106532,97132
106506,97154
106471,97011
106474,97072
106497,97144
106531,97159
106528,97087
106438,97059
106470,97083
106564,97157
106588,97130
106533,97131
106487,97071
106549,97069
106564,97158
106626,97145
106607,97154
106525,97088
106601,97194
106735,97205
106691,97251
106674,97208
106709,97182
106722,97215
106843,97316
106864,97271
106870,97298
106825,97254
106910,97283
107057,97357
107020,97365
107073,97378
107060,97294
107119,97382
107176,97442
107235,97412
107222,97485
107240,97391
107268,97447
107381,97501
107424,97556
107390,97536
107396,97481
107431,97523
107512,97628
107539,97594
107618,97590
107476,97558
107621,97627
107745,97658
107757,97689
107740,97684
107721,97621
107779,97673
107880,97744
107920,97794
107950,97711
107904,97690
107958,97791
108094,97861
108137,97797
108088,97823
108108,97787
108197,97889
108299,97925
108356,97933
108315,97885
108281,97887
108429,97932
108499,98048
108466,98008
108483,98005
108405,97931
108535,97996
108560,98054
108558,98054
108561,98074
108521,97972
108630,98044
108654,98086
108590,98041
108465,97933
108301,97847
108321,97866
108258,97848
107983,97718
107858,97643
107566,97503
107504,97485
107440,97444
107174,97350
107081,97280
106825,97136
106837,97152
106725,97166
106557,97055
106498,96970
106303,96936
106343,96905
106266,96941
106175,96873
106034,96837
105975,96768
105974,96817
105969,96875
105885,96798
105882,96794
105765,96673
105780,96796
105894,96772
105774,96780
105784,96748
105702,96695
105779,96819
105897,96807
105803,96822
105885,96810
105756,96763
105973,96844
105975,96843
105949,96824
106027,96840
105936,96820
106053,96928
106146,96949
106159,96933
106200,96930
106155,96943
106360,96988
106427,97100
106418,97117
106482,97081
106409,97047
106617,97193
106737,97187
106756,97258
106835,97206
106821,97220
106966,97365
107052,97344
107065,97405
107153,97326
107098,97367
107176,97433
107271,97506
107249,97471
107232,97409
107220,97371
107284,97504
107324,97496
107320,97461
107259,97426
107256,97414
107325,97489
107392,97466
107299,97402
107292,97444
107199,97344
107327,97466
107322,97435
107314,97440
107248,97371
107176,97381
107306,97398
107273,97467
107311,97424
107217,97380
107195,97343
107291,97441
107357,97430
107319,97404
107305,97407
107241,97426
107367,97452
107445,97518
107406,97451
107402,97452
107369,97435
107450,97539
107490,97590
107516,97515
107452,97529
107494,97526
107592,97619
107647,97583
107644,97635
107651,97528
107607,97597
107802,97675
107778,97707
107824,97667
107801,97664
107784,97636
107942,97766
108047,97803
107970,97778
107973,97689
108001,97738
108090,97824
108171,97827
108141,97845
108149,97792
108161,97824
108287,97933
108381,97893
108302,97942
108326,97863
108300,97896
108510,97958
108479,98007
108524,97992
108437,97919
108503,98020
108623,98034
108664,98085
108698,98066
108639,97979
108697,98106
108773,98140
108865,98182
108822,98137
108859,98107
108953,98131
108988,98248
109060,98250
109014,98218
109032,98228
109062,98225
109221,98326
109258,98288
109215,98258
109160,98235
109238,98331
109295,98365
109362,98390
109294,98314
109166,98281
109255,98294
109245,98348
109224,98311
109026,98168
108849,98083
108774,98012
108596,98013
108422,97866
108223,97780
108008,97666
107801,97615
107755,97629
107612,97481
107456,97406
107199,97306
107155,97328
107097,97287
106992,97242
106910,97187
106739,97062
106756,97119
106691,97147
106612,97114
106584,97041
106403,96955
106489,97010
106450,97067
106454,97011
106365,96989
106271,96952
106311,96985
106438,97042
106363,96993
106311,96977
106313,96918
106373,97041
106410,97085
106417,97024
106442,97020
106334,97011
106454,97040
106585,97153
106555,97099
106489,97120
106508,97080
106632,97129
106756,97251
106757,97249
106762,97186
106690,97173
106863,97242
107041,97357
106992,97314
107025,97375
107056,97287
107194,97426
107319,97509
107347,97503
107415,97519
107320,97482
107533,97562
107663,97667
107640,97640
107654,97565
107573,97586
107743,97658
107746,97690
107726,97643
107705,97656
107674,97589
107757,97651
107757,97670
107779,97634
107768,97609
107589,97571
107789,97661
107743,97617
107731,97650
107713,97565
107549,97532
107714,97599
107710,97648
107668,97617
107666,97615
107543,97529
107730,97592
107724,97657
107657,97603
107701,97626
107640,97537
107705,97644
107816,97648
107797,97661
107786,97611
107696,97582
107869,97678
107924,97751
107906,97738
107936,97636
107831,97666
108030,97726
108094,97782
108038,97784
108024,97730
108014,97762
108206,97790
108249,97898
108253,97874
108263,97807
108263,97830
108345,97892
108470,97968
108443,97911
108418,97909
108428,97920
108601,98039
108640,97999
108597,98035
108591,98014
108579,97967
108742,98098
108822,98064
108742,98097
108798,98066
108730,98066
108851,98134
108958,98183
108969,98184
108890,98118
108902,98145
109044,98158
109122,98222
109108,98234
109029,98192
109089,98205
109170,98291
109297,98287
109246,98302
109202,98286
109197,98240
109318,98358
109426,98402
109354,98352
109417,98361
109375,98338
109543,98475
109601,98428
109544,98472
109580,98398
109576,98438
109658,98509
109702,98577
109717,98469
109629,98491
109674,98454
109799,98535
109762,98573
109728,98505
109714,98485
109640,98470
109668,98481
109695,98459
109537,98411
109321,98277
109212,98247
109127,98172
108905,98128
108669,97974
108448,97827
108280,97737
108151,97725
107992,97682
107883,97578
107687,97494
107532,97459
107542,97480
107403,97373
107283,97378
107139,97203
107066,97195
107105,97313
106981,97257
106958,97217
106815,97121
106753,97142
106838,97176
106844,97211
106752,97141
106665,97053
106736,97146
106780,97133
106783,97145
106797,97186
106716,97138
106762,97172
106836,97257
106807,97255
106812,97198
106816,97149
106849,97172
106949,97314
107010,97265
106937,97315
106919,97215
107048,97296
107114,97402
107172,97356
107118,97384
107138,97320
107245,97397
107331,97480
107345,97461
107439,97499
107415,97480
107503,97515
107675,97620
107690,97679
107719,97686
107742,97597
107816,97701
107919,97722
107968,97743
107959,97753
107861,97701
108035,97747
108035,97806
108068,97830
108010,97771
107980,97676
107998,97720
108089,97844
108061,97806
107988,97696
107950,97637
107984,97761
107995,97758
108014,97758
107903,97722
107871,97664
107938,97732
107946,97746
107923,97746
107892,97653
107808,97592
107879,97730
107925,97742
107913,97714
107875,97660
107772,97658
107928,97667
107941,97744
107942,97696
107919,97735
107860,97626
107921,97691
108040,97831
107996,97713
107969,97763
107944,97685
108088,97763
108108,97843
108049,97779
108106,97769
108001,97737
108177,97823
108151,97861
108188,97889
108099,97842
108070,97750
108199,97895
108300,97899
108226,97894
108237,97862
108162,97800
108257,97882
108360,97990
108373,97908
108290,97924
108244,97831
108350,97969
108379,97975
108400,97976
108347,97914
108291,97916
108419,97965
108492,98015
108460,98012
108396,97958
108385,97934
108493,97991
108488,98073
108529,97997
108546,98017
108442,97921
108524,98059
108645,98077
108591,98034
108605,98038
108559,98033
108678,98049
108726,98154
108737,98136
108699,98113
108671,98049
108753,98087
108799,98200
108755,98152
108829,98129
108729,98113
108874,98170
108916,98244
108834,98185
108841,98130
108804,98142
108866,98191
108945,98205
108879,98192
108778,98155
108713,98068
108819,98194
108776,98171
108579,98042
108428,97984
108271,97897
108287,97847
108119,97858
107972,97781
107712,97647
107582,97538
107538,97552
107423,97541
107181,97395
107078,97351
106885,97206
106870,97260
106816,97272
106592,97133
106502,97055
106347,97024
106361,96990
106245,97040
106210,96956
106082,96932
105998,96827
106059,96912
105969,96937
105933,96908
105820,96840
105740,96812
105843,96869
105877,96864
105775,96786
105737,96800
105737,96735
105848,96859
105797,96881
105762,96805
105781,96801
105782,96792
105864,96896
105882,96858
105853,96851
105809,96815
105815,96846
105995,96920
105933,96888
105952,96916
105933,96873
106022,96871
106103,96949
106151,97017
106194,96961
106202,96937
106226,96987
106378,97120
106484,97110
106427,97148
106504,97082
106517,97120
106712,97208
106697,97250
106713,97259
106717,97169
106711,97204
106894,97285
106871,97309
106838,97280
106859,97243
106857,97230
106954,97356
106979,97301
106926,97265
106915,97247
106882,97291
107013,97356
106981,97286
106929,97301
106886,97222
106920,97256
107041,97298
107003,97287
107018,97282
106906,97246
106959,97220
107057,97388
107049,97273
106995,97293
106976,97228
107009,97289
107149,97346
107133,97360
107147,97369
107107,97280
107154,97353
107278,97417
107295,97441
107276,97358
107278,97386
107396,97427
107506,97540
107484,97517
107505,97448
107468,97478
107609,97492
107725,97619
107733,97607
107723,97620
107744,97536
107786,97650
107935,97696
107999,97746
107951,97677
107969,97626
108119,97732
108147,97823
108194,97769
108177,97795
108202,97765
108313,97836
108342,97895
108407,97902
108356,97862
108358,97863
108496,97915
108556,98014
108596,97979
108549,97952
108569,97911
108690,98000
108771,98056
108746,98024
108795,98023
108683,98000
108858,98103
108968,98155
108887,98114
108890,98121
108917,98050
109009,98131
109159,98253
109139,98224
109121,98198
109103,98112
109198,98260
109292,98261
109280,98301
109331,98235
109253,98257
109465,98336
109466,98413
109482,98329
109538,98381
109446,98261
109530,98396
109701,98463
109647,98404
109656,98403
109603,98345
109704,98430
109708,98495
109675,98429
109673,98408
109487,98338
109530,98371
109424,98339
109302,98208
109155,98173
108829,97985
108739,97967
108657,97918
108426,97781
108191,97723
107950,97549
107868,97536
107756,97571
107595,97386
107421,97336
107258,97220
107263,97246
107197,97312
107103,97185
106945,97156
106806,97037
106891,97145
106823,97122
106793,97111
106720,97022
106586,97023
106682,97074
106654,97063
106663,97050
106581,97029
106525,96959
106642,97063
106605,97075
106651,97023
106605,97043
106553,96979
106717,97086
106710,97116
106691,97077
106732,97088
106669,97032
106809,97139
106906,97143
106869,97188
106889,97129
106858,97112
106986,97231
107044,97220
107062,97262
107045,97189
106983,97239
107159,97333
107236,97307
107280,97333
107242,97376
107278,97324
107409,97439
107546,97495
107511,97478
107533,97429
107564,97477
107734,97518
107678,97603
107756,97548
107722,97549
107659,97520
107825,97578
107822,97643
107800,97607
107732,97519
107736,97473
107803,97601
107802,97584
107739,97566
107696,97505
107696,97509
107752,97562
107782,97536
107764,97556
107637,97432
107642,97460
107744,97559
107704,97569
107714,97528
107607,97466
107677,97467
107767,97571
107729,97566
107721,97537
107694,97451
107661,97527
107835,97567
107850,97578
107794,97568
107741,97512
107752,97538
107869,97613
107903,97627
107932,97595
107936,97609
107971,97594
108049,97672
108079,97741
108053,97637
108030,97626
108061,97695
108156,97742
108229,97766
108240,97773
108170,97675
108211,97787
108350,97849
108306,97854
108319,97863
108333,97732
108338,97856
108442,97894
108491,97866
108453,97841
108411,97862
108474,97847
108608,97980
108553,97944
108536,97914
108552,97871
108499,97932
108661,97970
108599,97981
108631,97930
108588,97907
108595,97950
108749,98002
108724,98002
108751,98037
108674,97896
108786,97974
108878,98072
108878,98067
108825,98010
108832,98025
108921,98045
109015,98115
109034,98158
109052,98134
108929,98075
109082,98178
109135,98195
109126,98200
109178,98152
109077,98145
109242,98220
109293,98232
109307,98241
109293,98278
109207,98184
109323,98256
109419,98325
109321,98263
109353,98239
109288,98212
109330,98296
109366,98256
109321,98295
109243,98168
109055,98074
108993,98057
108927,98118
108753,97928
108522,97889
108293,97689
108226,97716
108101,97678
107923,97592
107757,97492
107590,97365
107512,97354
107482,97416
107301,97314
107166,97220
107012,97148
107009,97216
106994,97127
106898,97120
106740,97094
106637,96981
106657,97024
106725,97070
106596,97042
106581,97003
106420,96929
106520,97038
106573,96979
106462,97013
106511,96946
106388,96900
106453,96989
106484,97046
106491,97015
106446,96989
106394,96915
106537,97049
106528,97044
106566,97053
106542,97060
106480,97001
106586,97060
106680,97123
106633,97118
106667,97092
106554,97008
106726,97157
106818,97149
106811,97180
106757,97151
106778,97140
106917,97198
107056,97327
107052,97265
107077,97310
107025,97256
107159,97337
107301,97435
107257,97365
107306,97371
107248,97349
107420,97430
107426,97474
107362,97463
107339,97366
107279,97394
107417,97417
107452,97497
107414,97440
107342,97377
107301,97365
107407,97377
107421,97472
107314,97426
107302,97322
107241,97352
107368,97370
107315,97395
107322,97387
107244,97326
107184,97315
107351,97373
107305,97421
107248,97340
107248,97305
107192,97323
107336,97382
107357,97396
107279,97381
107240,97326
107273,97306
107381,97419
107382,97424
107416,97395
107373,97334
107351,97381
107508,97455
107486,97512
107499,97442
107487,97398
107465,97463
107653,97518
107633,97572
107591,97513
107635,97515
107586,97468
107712,97618
107794,97579
107736,97575
107724,97510
107695,97532
107837,97673
107842,97670
107885,97649
107821,97589
107878,97589
107939,97708
108001,97689
108033,97661
107923,97659
108003,97654
108142,97754
108128,97752
108138,97764
108072,97691
108108,97721
108241,97795
108286,97859
108275,97799
108170,97737
108275,97787
108389,97849
108421,97911
108369,97885
108349,97782
108369,97855
108427,97927
108520,97963
108474,97915
108454,97836
108516,97921
108581,98010
108618,98009
108646,98001
108566,97934
108664,97937
108727,98085
108819,98039
108763,98056
108747,97993
108738,98045
108891,98156
108872,98122
108905,98087
108857,98025
108837,98128
109009,98186
108959,98181
108989,98088
108871,98085
108974,98097
109003,98150
108960,98117
108892,98103
108729,97976
108749,97978
108657,97944
108484,97901
108332,97756
108114,97594
108012,97677
107930,97574
107716,97583
107574,97456
107321,97335
107274,97311
107241,97335
107065,97278
106971,97148
106770,97037
106766,97093
106717,97085
106582,97024
106548,97005
106346,96912
106338,96946
106374,96970
106354,96893
106259,96887
106073,96822
106180,96902
106231,96893
106124,96872
106093,96805
105991,96821
106135,96815
106121,96914
106129,96899
106095,96812
105983,96793
106152,96871
106173,96901
106180,96916
106185,96862
106060,96860
106203,96906
106304,96980
106254,96934
106261,96956
106227,96882
106313,96982
106398,96994
106398,97004
106444,97034
106416,96940
106578,97023
106677,97157
106706,97121
106654,97111
106714,97094
106807,97205
106932,97235
107012,97269
106961,97281
106987,97173
107050,97303
107174,97389
107178,97340
107124,97307
107090,97259
107244,97354
107279,97343
107273,97376
107278,97363
107160,97289
107253,97332
107343,97403
107311,97363
107269,97319
107179,97262
107259,97355
107344,97365
107262,97367
107250,97292
107175,97297
107324,97321
107312,97347
107335,97364
107252,97336
107224,97305
107340,97328
107383,97403
107356,97384
107327,97382
107295,97272
107354,97415
107493,97440
107460,97414
107389,97399
107401,97351
107476,97477
107588,97494
107503,97439
107543,97448
107453,97396
107582,97518
107676,97506
107706,97527
107621,97473
107631,97497
107763,97531
107783,97573
107826,97548
107770,97584
107787,97530
107878,97623
107923,97663
107973,97633
107937,97644
107876,97601
108019,97713
108051,97731
108060,97678
108080,97698
108017,97625
108164,97806
108270,97779
108268,97792
108202,97755
108211,97724
108298,97823
108350,97862
108385,97853
108379,97807
108346,97821
108437,97885
108568,97955
108513,97897
108524,97923
108539,97895
108632,97984
108688,98044
108743,97950
108693,97987
108740,97951
108891,98095
108870,98115
108912,98034
108896,98091
108955,98037
109008,98158
109064,98173
109119,98165
109102,98163
109068,98145
109247,98244
109250,98207
109258,98215
109161,98192
109197,98195
109292,98206
109283,98302
109265,98173
109184,98136
109057,98124
109050,98100
108995,98052
108759,97942
108581,97877
108387,97797
108308,97706
108094,97659
107974,97569
107692,97392
107585,97423
107505,97419
107418,97307
107300,97274
107073,97175
106958,97112
106996,97200
106908,97139
106815,97053
106684,96945
106603,96995
106643,96981
106576,96969
106537,96924
106457,96894
106369,96879
106532,96971
106493,96933
106368,96941
106317,96839
106416,96918
106465,97000
106505,96948
106402,96965
106424,96904
106433,96956
106558,96989
106558,96995
106517,96986
106548,96941
106622,97021
106710,97077
106706,97098
106721,97085
106674,97035
106771,97117
106874,97128
106953,97178
106897,97184
106896,97160
107013,97170
107126,97329
107208,97292
107214,97361
107175,97295
107274,97364
107469,97485
107474,97423
107480,97495
107428,97412
107561,97465
107627,97530
107674,97579
107659,97482
107568,97487
107652,97516
107759,97571
107691,97556
107664,97520
107610,97447
107616,97476
107680,97586
107638,97546
107604,97474
107483,97449
107620,97470
107584,97523
107556,97465
107526,97472
107422,97407
107506,97407
107501,97511
107516,97444
107416,97398
107356,97342
107410,97369
107481,97496
107439,97389
107367,97417
107297,97322
107439,97433
107445,97492
107431,97429
107382,97393
107335,97385
107399,97443
107498,97463
107395,97479
107465,97440
107329,97400
107492,97503
107481,97494
107539,97502
107514,97455
107366,97435
107559,97510
107564,97515
107585,97511
107523,97514
107403,97463
107602,97524
107636,97587
107635,97588
107559,97548
107553,97463
107686,97605
107673,97612
107643,97619
107653,97562
107613,97550
107770,97614
107745,97644
107767,97635
107703,97632
107654,97573
107753,97649
107839,97710
107815,97667
107773,97635
107675,97623
107858,97673
107829,97727
107836,97658
107881,97662
107773,97654
107886,97676
107872,97758
107906,97700
107894,97741
107809,97637
107952,97736
108007,97750
107977,97729
107987,97731
107912,97676
108066,97765
108094,97804
108119,97816
108097,97737
108060,97773
108159,97890
108255,97849
108128,97831
108188,97809
108084,97782
108235,97877
108237,97844
108223,97840
108139,97824
108056,97780
108188,97874
108207,97822
108099,97798
107971,97694
107830,97653
107812,97644
107722,97572
107587,97546
107326,97446
107233,97318
107145,97328
107053,97279
106839,97200
106703,97085
106529,97054
106533,97024
106375,97038
106250,96906
106071,96828
105959,96792
105935,96847
105912,96771
105719,96730
105675,96680
105512,96602
105576,96685
105558,96633
105472,96632
105322,96553
105325,96556
105399,96630
105339,96587
105315,96540
105269,96552
105190,96503
105285,96576
105316,96592
105329,96586
105271,96525
105229,96564
105349,96566
105377,96658
105336,96594
105350,96531
105376,96550
105406,96634
105469,96653
105493,96611
105482,96606
105440,96641
105623,96708
105632,96702
105644,96729
105606,96670
105682,96720
105832,96835
105856,96822
105908,96818
105838,96825
105883,96826
106074,96923
106130,96953
106098,96969
106111,96870
106145,96904
106213,97019
106266,97044
106243,96940
106200,96969
106215,96982
106329,97015
106368,97017
106296,96995
106280,96973
106293,96985
106345,97025
106334,97023
106356,97008
106283,96953
106290,96989
106379,97045
106364,97047
106315,97027
106253,96983
106311,96956
106333,97046
106316,96978
106339,96970
106254,96962
106305,97004
106375,96981
106344,97049
106368,96984
106299,96944
106325,97021
106444,97097
106437,97061
106403,97038
106372,97001
106456,97002
106515,97131
106613,97109
106566,97066
106501,97078
106552,97111
106673,97120
106702,97148
106672,97134
106613,97119
106752,97164
106777,97239
106820,97200
106833,97216
106774,97162
106879,97241
107005,97273
107035,97272
107013,97315
106969,97212
107030,97355
107113,97359
107213,97378
107163,97394
107151,97296
107187,97392
107343,97460
107318,97447
107272,97408
107296,97383
107345,97464
107442,97464
107394,97458
107402,97446
107383,97385
107488,97472
107531,97591
107563,97529
107498,97537
107465,97444
107549,97540
107679,97573
107601,97593
107647,97557
107544,97505
107672,97569
107770,97618
107753,97589
107735,97646
107676,97535
107749,97656
107823,97661
107886,97684
107883,97722
107851,97602
107982,97751
107968,97771
107945,97733
108027,97730
107859,97693
108074,97770
108063,97803
108136,97793
108109,97761
108028,97734
108155,97804
108172,97756
108168,97832
108121,97759
107979,97662
108102,97782
107976,97744
107914,97651
107707,97573
107496,97457
107466,97485
107365,97368
107199,97298
106972,97170
106766,97107
106725,97066
106623,97053
106519,97009
106313,96921
106148,96802
106199,96858
106053,96795
105975,96756
105869,96744
105706,96633
105752,96660
105720,96724
105630,96596
105584,96633
105504,96497
105560,96633
105531,96615
105525,96549
105450,96586
105348,96546
105506,96557
105496,96594
105513,96645
105498,96547
105410,96563
105517,96668
105640,96629
105631,96656
105586,96637
105595,96606
105669,96712
105818,96754
105777,96736
105781,96672
105776,96670
105933,96793
106019,96845
105987,96827
105959,96788
105988,96754
106095,96909
106218,96892
106148,96931
106223,96902
106271,96921
106413,97043
106531,97089
106491,97095
106542,97044
106598,97055
106732,97190
106752,97218
106774,97176
106755,97186
106826,97154
106885,97227
107009,97283
106985,97259
106929,97230
106930,97187
106989,97286
107058,97286
107031,97260
107022,97238
106990,97236
107045,97268
107100,97367
107041,97310
107010,97208
106998,97172
107074,97345
107127,97306
107025,97306
106977,97203
107028,97279
107077,97329
107149,97305
107111,97284
107009,97286
107061,97265
107182,97359
107209,97389
107132,97314
107167,97345
107149,97286
107319,97426
107302,97391
107329,97437
107264,97373
107307,97417
107423,97440
107510,97505
107440,97489
107412,97471
107493,97505
107570,97538
107625,97616
107612,97568
107618,97504
107623,97592
107755,97630
107791,97640
107791,97681
107743,97637
107811,97626
107937,97759
108011,97727
107947,97753
107983,97693
108026,97761
108139,97809
108164,97811
108176,97846
108139,97769
108238,97877
108315,97921
108398,97914
108429,97940
108397,97896
108449,97880
108550,98018
108578,98003
108637,98011
108607,97948
108676,97973
108822,98097
108827,98136
108805,98098
108830,98027
108909,98108
109002,98227
109079,98154
109034,98197
109040,98123
109188,98214
109300,98321
109291,98279
109329,98310
109270,98266
109359,98289
109544,98414
109566,98376
109531,98440
109552,98346
109605,98444
109798,98522
109747,98478
109786,98464
109776,98486
109840,98535
109996,98579
109985,98585
109961,98574
109909,98515
110024,98551
110029,98677
110013,98569
109903,98556
109708,98398
109675,98395
109591,98417
109360,98234
109198,98156
108836,97979
108698,97902
108577,97877
108269,97766
108093,97660
107812,97468
107763,97516
107684,97451
107509,97429
107404,97293
107170,97236
107182,97269
107094,97250
107079,97176
106951,97164
106826,97045
106902,97111
106860,97137
106781,97114
106796,97065
106627,97007
106698,97104
106773,97085
106768,97100
106728,97059
106647,97038
106732,97114
106732,97150
106765,97111
106738,97117
106683,97076
106829,97161
106821,97233
106785,97196
106852,97160
106743,97066
106921,97206
106931,97237
106941,97244
106966,97268
106849,97214
107038,97321
107120,97315
107085,97345
107085,97295
107092,97315
107207,97384
107278,97470
107347,97447
107387,97467
107298,97436
107525,97556
107629,97579
107591,97548
107641,97584
107553,97553
107717,97670
107812,97641
107740,97651
107780,97636
107650,97577
107827,97644
107856,97708
107802,97634
107739,97620
107705,97595
107805,97634
107847,97674
107793,97609
107722,97623
107680,97527
107744,97613
107768,97680
107661,97621
107693,97557
107544,97516
107649,97570
107676,97635
107640,97546
107624,97509
107579,97481
107618,97584
107692,97625
107643,97545
107615,97560
107543,97540
107651,97603
107721,97612
107721,97570
107624,97577
107651,97563
107790,97696
107848,97653
107785,97682
107799,97617
107733,97600
107911,97683
107966,97727
107905,97688
107938,97718
107886,97657
108026,97767
108040,97795
108071,97766
108066,97805
108020,97748
108134,97842
108245,97912
108240,97836
108215,97844
108175,97799
108319,97893
108404,97943
108343,97960
108299,97895
108353,97892
108482,97993
108486,98004
108479,98011
108482,97930
108469,97969
108579,98063
108601,98018
108600,98059
108545,97945
108539,97987
108703,98082
108737,98072
108727,98052
108634,98043
108682,98074
108799,98145
108784,98140
108790,98101
108751,98110
108772,98139
108833,98201
108903,98211
108834,98176
108872,98107
108868,98175
109014,98193
109001,98223
108980,98199
108969,98192
108964,98202
109092,98299
109106,98239
109093,98281
109037,98236
109067,98242
109142,98269
109200,98308
109161,98282
109097,98219
109129,98240
109176,98340
109183,98260
109038,98269
108972,98163
108824,98152
108768,98118
108706,98084
108470,97973
108199,97816
108027,97767
108011,97754
107825,97677
107595,97569
107394,97394
107238,97422
107255,97387
107007,97339
106831,97229
106676,97097
106610,97092
106523,97172
106476,97062
106364,97039
106164,96910
106156,96967
106095,96986
106055,96946
105929,96873
105805,96824
105803,96869
105794,96861
105775,96847
105705,96823
105575,96716
105626,96798
105653,96863
105584,96752
105621,96808
105478,96714
105517,96774
105649,96821
105571,96810
105509,96772
105475,96694
105558,96771
105641,96873
105620,96799
105647,96830
105535,96756
105700,96838
105716,96926
105758,96900
105728,96866
105701,96816
105822,96933
105905,96964
105981,96993
105979,97004
105936,96909
106091,97039
106141,97084
106195,97126
106240,97077
106137,97065
106325,97160
106380,97151
106393,97201
106413,97181
106318,97095
106473,97168
106440,97188
106488,97226
106476,97179
106358,97112
106477,97182
106556,97208
106434,97209
106427,97161
106404,97118
