ir,red
106493,97217
106513,97242
106468,97176
106497,97142
106387,97098
106457,97152
106487,97226
106502,97169
106414,97153
106399,97089
106514,97197
106549,97240
106461,97201
106500,97150
106351,97120
106534,97230
106583,97259
106505,97214
106562,97183
106443,97142
106627,97240
106674,97330
106636,97273
106584,97259
106555,97234
106708,97250
106725,97339
106781,97289
106770,97296
106672,97225
106833,97357
106850,97387
106875,97375
106833,97312
106823,97305
106952,97425
106997,97398
106999,97423
106932,97386
106909,97367
107080,97454
107112,97504
107105,97511
107057,97434
107038,97427
107189,97532
107196,97543
107211,97495
107134,97518
107153,97450
107210,97541
107333,97617
107255,97580
107251,97496
107236,97508
107303,97613
107411,97660
107355,97558
107365,97578
107336,97580
107477,97589
107468,97696
107496,97638
107423,97649
107441,97596
107544,97649
107618,97720
107541,97729
107562,97650
107503,97666
107671,97731
107667,97745
107629,97721
107630,97733
107586,97647
107700,97806
107730,97812
107733,97759
107668,97753
107616,97706
107789,97842
107777,97771
107725,97807
107662,97742
107623,97669
107667,97769
107636,97699
107468,97655
107322,97519
107234,97481
107163,97467
107073,97502
106861,97297
106702,97261
106536,97147
106526,97178
106337,97146
106186,97057
105984,96968
105898,96892
105813,96913
105794,96849
105615,96806
105406,96731
105351,96671
105321,96717
105330,96707
105153,96611
105044,96532
105055,96516
105027,96582
105029,96576
104913,96478
104854,96439
104863,96480
104926,96510
104892,96570
104909,96497
104799,96466
104812,96516
104990,96565
104982,96548
105009,96513
104926,96484
104945,96565
105118,96647
105114,96657
105128,96607
105146,96610
105204,96653
105273,96700
105312,96727
105400,96707
105286,96683
105415,96732
105484,96755
105567,96874
105621,96801
105581,96807
105650,96874
105853,96961
105839,96942
105860,96980
105811,96945
105972,96975
106060,97059
106110,97099
106090,97048
106115,97004
106185,97097
106264,97096
106233,97159
106198,97135
106176,97033
106286,97102
106346,97182
106299,97152
106307,97156
106198,97055
106274,97167
106317,97144
106283,97183
106334,97105
106174,97086
106294,97117
106292,97127
106288,97165
106290,97101
106184,97061
106215,97124
106329,97162
106259,97114
106218,97117
106157,97013
106242,97084
106264,97137
106258,97101
106307,97118
106191,97050
106244,97127
106362,97201
106346,97198
106317,97125
106230,97070
106371,97225
106475,97229
106448,97259
106453,97174
106341,97184
106505,97272
106523,97318
106498,97276
106568,97274
106477,97191
106623,97325
106719,97335
106664,97363
106717,97298
106630,97278
106759,97387
106845,97455
106840,97437
106827,97407
106780,97312
106941,97460
106984,97515
106959,97426
106965,97463
106945,97384
107082,97481
107101,97560
107148,97533
107081,97520
107068,97481
107159,97517
107229,97581
107267,97605
107200,97583
107188,97507
107318,97648
107344,97619
107345,97664
107369,97628
107291,97572
107414,97690
107479,97735
107443,97705
107484,97656
107437,97652
107515,97722
107571,97809
107621,97762
107589,97703
107574,97714
107650,97818
107761,97863
107728,97785
107732,97824
107676,97733
107835,97862
107863,97850
107833,97890
107832,97840
107710,97802
107872,97905
107906,97951
107882,97866
107775,97861
107750,97761
107782,97808
107770,97860
107654,97752
107452,97676
107259,97544
107224,97626
107187,97523
106918,97451
106811,97361
106574,97249
106595,97230
106453,97171
106243,97170
106142,97035
105916,96973
105905,96957
105864,96987
105676,96873
105509,96787
105432,96748
105423,96756
105338,96786
105295,96708
105113,96634
105042,96606
105139,96664
105073,96673
105038,96623
104985,96589
104922,96580
105039,96639
105014,96689
104975,96629
104959,96552
104875,96591
105035,96621
105052,96648
104984,96666
104945,96635
104983,96579
105052,96719
105159,96738
105120,96723
105093,96709
105058,96641
105194,96782
105273,96745
105193,96771
105191,96728
105235,96751
105384,96831
105423,96837
105413,96834
105384,96844
105422,96838
105603,96893
105653,96964
105624,96959
105640,96939
105731,96934
105881,97049
105867,97081
105862,97068
105902,97033
105904,97022
106062,97165
106100,97112
106044,97162
106043,97091
105998,97088
106191,97183
106188,97141
106120,97170
106094,97107
106082,97121
106199,97158
106208,97202
106146,97174
106124,97115
106127,97138
106270,97202
106246,97216
106220,97140
106149,97151
106184,97109
106264,97239
106282,97202
106287,97187
106196,97169
106244,97144
106364,97241
106322,97280
106324,97242
106268,97124
106310,97220
106361,97316
106465,97290
106374,97248
106360,97264
106416,97250
106573,97313
106557,97311
106552,97293
106510,97249
106567,97361
106655,97433
106674,97384
106631,97427
106614,97368
106711,97386
106870,97466
106796,97488
106864,97468
106742,97414
106866,97478
106999,97550
106975,97575
106972,97499
106920,97522
107073,97524
107169,97643
107092,97636
107120,97639
107093,97545
107130,97659
107282,97709
107224,97650
107243,97701
107188,97615
107290,97692
107342,97779
107359,97712
107395,97678
107274,97643
107431,97789
107502,97770
107499,97802
107461,97779
107429,97742
107544,97786
107593,97882
107601,97824
107643,97855
107515,97799
107691,97865
107758,97884
107749,97956
107795,97880
107720,97869
107794,97930
107890,98023
107891,97939
107838,97995
107796,97909
107955,98007
108005,98073
107970,98017
108007,98022
107882,97941
108102,98044
108086,98105
108109,98041
108066,98059
107980,98036
108133,98050
108162,98049
108066,98077
108024,97955
107856,97900
107850,97926
107764,97875
107606,97852
107464,97673
107174,97572
107191,97607
107112,97570
106843,97486
106731,97438
106461,97284
106487,97251
106406,97299
106274,97213
106138,97094
105916,97084
105992,97068
105849,97073
105761,96986
105709,96957
105538,96863
105591,96965
105557,96936
105542,96884
105438,96854
105286,96838
105424,96847
105398,96898
105368,96835
105346,96818
105216,96802
105394,96906
105429,96882
105395,96894
105342,96865
105298,96800
105429,96912
105494,96964
105475,96944
105452,96941
105392,96878
105553,96995
105578,96971
105649,96992
105615,96967
105561,96942
105735,97050
105776,97013
105824,97050
105742,97076
105779,97024
105907,97177
106051,97206
105998,97133
106061,97155
106023,97219
106168,97306
106306,97303
106299,97333
106333,97307
106294,97318
106459,97379
106509,97417
106481,97385
106492,97373
106405,97310
106601,97431
106574,97487
106595,97395
106479,97386
106548,97350
106586,97435
106642,97463
106599,97452
106567,97406
106557,97351
106620,97483
106696,97458
106612,97434
106593,97376
106518,97421
106668,97462
106613,97433
106639,97471
106539,97374
106597,97360
106679,97482
106672,97483
106699,97444
106594,97428
106581,97421
106755,97451
106710,97478
106763,97479
106662,97439
106702,97500
106753,97519
106864,97543
106849,97501
106743,97504
106850,97488
106970,97557
106961,97609
106990,97542
106915,97577
107014,97579
107085,97663
107122,97693
107119,97626
107062,97645
107116,97661
107283,97713
107335,97737
107320,97733
107269,97702
107378,97708
107396,97837
107499,97886
107445,97826
107431,97737
107443,97804
107648,97929
107682,97906
107614,97907
107563,97834
107679,97933
107772,97932
107745,97973
107811,97959
107703,97918
107822,97966
107944,98027
107884,98040
107889,97977
107823,97990
107886,98044
108003,98112
108075,98078
108029,98064
108000,97989
108035,98096
108202,98170
108175,98135
108205,98171
108132,98097
108234,98149
108373,98256
108397,98187
108364,98238
108376,98142
108445,98273
108521,98303
108589,98309
108565,98326
108529,98225
108681,98308
108731,98334
108736,98362
108775,98368
108646,98313
108843,98415
108921,98480
108867,98474
108906,98397
108792,98348
108850,98394
108853,98428
108800,98385
108699,98273
108445,98172
108451,98183
108304,98108
108144,98073
107981,97914
107720,97818
107650,97816
107543,97805
107341,97626
107222,97606
107051,97452
107004,97550
106912,97494
106824,97440
106731,97361
106508,97297
106550,97309
106609,97307
106505,97319
106373,97253
106291,97165
106316,97239
106331,97253
106335,97198
106268,97204
106170,97098
106241,97225
106345,97218
106237,97197
106232,97222
106146,97160
106335,97231
106325,97268
106328,97269
106348,97248
106239,97235
106407,97257
106421,97362
106489,97330
106428,97312
106421,97306
106544,97379
106648,97404
106638,97425
106646,97370
106626,97409
106777,97505
106861,97538
106844,97510
106890,97490
106898,97500
107012,97575
107101,97674
107148,97626
107198,97665
107109,97622
107353,97746
107399,97811
107431,97793
107390,97732
107340,97748
107534,97812
107541,97887
107566,97801
107474,97820
107449,97779
107554,97815
107619,97893
107529,97848
107499,97799
107470,97731
107574,97858
107622,97846
107546,97788
107460,97748
107415,97704
107539,97799
107523,97780
107494,97764
107460,97764
107418,97730
107467,97779
107556,97809
107465,97783
107461,97739
107400,97683
107523,97825
107496,97850
107531,97819
107464,97752
107432,97782
107596,97819
107600,97881
107558,97824
107598,97795
107590,97837
107702,97862
107755,97899
107699,97898
107676,97857
107679,97909
107865,97943
107841,97973
107841,97953
107861,97946
107861,97969
107991,97990
107988,98089
108002,98033
108011,97966
108040,97981
108135,98138
108171,98131
108184,98078
108207,98074
108225,98112
108304,98187
108348,98204
108334,98213
108331,98121
108347,98149
108479,98261
108547,98261
108490,98283
108502,98190
108504,98222
108672,98330
108656,98313
108674,98352
108576,98249
108651,98291
108792,98361
108793,98395
108840,98392
108772,98352
108819,98392
108913,98492
108891,98447
108934,98405
108912,98444
108958,98399
109058,98571
109082,98574
109080,98499
109080,98461
109082,98523
109230,98613
109297,98575
109255,98583
109212,98553
109318,98595
109341,98681
109430,98679
109370,98639
109327,98585
109455,98640
109496,98738
109514,98664
109507,98645
109368,98628
109399,98649
109483,98679
109403,98585
109269,98574
109090,98390
108991,98398
108946,98385
108725,98314
108500,98163
108287,98032
108139,98036
108105,97950
107905,97864
107749,97811
107475,97696
107469,97677
107440,97696
107259,97591
107164,97539
106962,97453
106988,97503
107020,97480
106922,97430
106813,97441
106637,97357
106699,97336
106786,97387
106653,97383
106674,97349
106514,97267
106599,97324
106706,97376
106615,97377
106560,97321
106511,97281
106676,97368
106690,97404
106665,97424
106647,97358
106618,97337
106724,97402
106835,97471
106778,97481
106774,97425
106683,97409
106870,97511
106954,97520
106918,97569
106920,97489
106877,97501
107014,97585
107157,97630
107101,97656
107171,97599
107097,97609
107261,97712
107397,97720
107411,97779
107425,97740
107448,97735
107565,97854
107686,97939
107687,97843
107727,97898
107593,97836
107809,97946
107890,97962
107847,97973
107792,97921
107741,97841
107810,97905
107921,98036
107824,97977
107822,97895
107754,97818
107799,97965
107912,97967
107796,97918
107813,97899
107669,97841
107786,97907
107857,97918
107800,97859
107757,97894
107656,97805
107803,97886
107837,97952
107738,97873
107783,97874
107654,97782
107814,97926
107853,97937
107806,97885
107731,97847
107699,97851
107817,97876
107895,97959
107809,97910
107771,97871
107769,97904
107886,97916
107918,98005
107889,97954
107913,97945
107872,97907
107958,98011
108083,98026
107988,98015
108021,97969
107956,97995
108095,98060
108178,98126
108115,98053
108142,98080
108104,98007
108228,98102
108242,98190
108233,98115
108212,98072
108150,98114
108294,98156
108385,98222
108310,98155
108336,98185
108266,98114
108413,98272
108467,98220
108449,98240
108358,98206
108404,98180
108537,98313
108538,98327
108540,98254
108564,98224
108513,98270
108651,98305
108676,98369
108705,98323
108644,98319
108670,98296
108823,98361
108788,98448
108797,98420
108789,98369
108798,98351
108979,98484
108997,98438
108957,98481
108943,98390
108953,98460
109122,98503
109167,98579
109134,98547
109084,98481
109159,98530
109276,98562
109263,98611
109284,98553
109242,98538
109225,98530
109381,98676
109403,98616
109374,98625
109307,98577
109326,98619
109467,98680
109413,98628
109392,98605
109239,98520
109182,98485
109133,98486
109058,98447
108782,98323
108591,98197
108419,98099
108340,98120
108146,97987
107966,97908
107703,97763
107633,97715
107564,97730
107480,97706
107284,97596
107136,97482
107112,97515
107078,97522
106931,97480
106855,97428
106721,97322
106729,97373
106724,97359
106619,97378
106585,97312
106457,97222
106496,97311
106552,97308
106489,97356
106491,97275
106342,97264
106450,97286
106455,97355
106451,97326
106449,97274
106297,97287
106442,97341
106467,97403
106479,97352
106495,97333
106397,97285
106513,97342
106572,97426
106569,97381
106521,97440
106527,97317
106565,97432
106718,97509
106648,97467
106739,97454
106627,97433
106783,97520
106925,97603
106933,97563
106965,97588
106898,97551
107074,97596
107121,97713
107185,97669
107158,97677
107156,97666
107280,97703
107365,97818
107322,97771
107342,97719
107313,97670
107389,97788
107393,97815
107441,97747
107375,97790
107316,97642
107369,97773
107480,97791
107380,97801
107408,97758
107269,97666
107364,97707
107425,97760
107390,97776
107296,97745
107268,97613
107323,97720
107428,97755
107335,97702
107349,97717
107195,97619
107341,97767
107391,97767
107300,97729
107327,97664
107242,97647
107347,97703
107414,97734
107364,97748
107377,97674
107298,97653
107458,97778
107489,97829
107440,97718
107492,97796
107402,97697
107522,97815
107610,97832
107624,97820
107575,97795
107537,97814
107679,97844
107692,97882
107749,97901
107763,97877
107617,97842
107849,97957
107821,97946
107838,97941
107869,97927
107785,97945
107979,97983
107984,98073
107970,98045
107985,98021
107900,97957
108068,98047
108119,98140
108096,98048
108114,98087
108058,98024
108169,98125
108237,98152
108193,98158
108236,98120
108152,98049
108251,98139
108378,98207
108317,98208
108306,98120
108223,98153
108439,98231
108494,98275
108416,98211
108408,98164
108424,98183
108495,98279
108606,98339
108587,98285
108543,98270
108480,98250
108700,98339
108660,98357
108745,98341
108665,98309
108701,98329
108834,98372
108813,98416
108840,98420
108807,98348
108796,98388
108953,98460
108929,98447
108930,98397
108889,98431
108918,98376
109018,98484
108987,98509
108964,98421
108918,98404
108834,98397
108902,98463
108838,98408
108709,98295
108547,98183
108381,98165
108333,98098
108191,98093
108001,98010
107771,97834
107667,97743
107584,97779
107493,97760
107274,97648
107101,97526
107000,97491
106960,97525
106940,97475
106762,97424
106625,97340
106555,97311
106522,97323
106554,97328
106394,97284
106261,97188
106285,97161
106310,97262
106261,97221
106219,97228
106106,97139
106124,97115
106149,97218
106174,97198
106122,97210
106096,97090
106080,97188
106196,97219
106225,97252
106166,97183
106139,97148
106172,97182
106258,97250
106307,97297
106216,97280
106247,97217
106272,97242
106353,97323
106447,97373
106390,97334
106362,97227
106467,97346
106541,97442
106581,97384
106639,97412
106616,97355
106651,97465
106767,97522
106856,97544
106865,97558
106811,97457
106906,97590
107049,97577
107083,97631
107055,97646
107006,97556
107112,97670
107195,97727
107201,97634
107185,97665
107093,97616
107188,97706
107263,97669
107221,97664
107246,97664
107147,97596
107190,97711
107231,97699
107269,97660
107149,97653
107112,97566
107151,97649
107191,97700
107226,97667
107195,97639
107054,97567
107157,97646
107180,97695
107166,97632
107135,97625
107077,97573
107204,97642
107261,97695
107229,97683
107170,97634
107088,97565
107261,97699
107293,97687
107278,97740
107231,97674
107245,97628
107319,97741
107373,97752
107421,97720
107340,97737
107304,97684
107458,97788
107530,97797
107456,97814
107535,97767
107399,97746
107575,97807
107680,97918
107596,97888
107662,97833
107528,97801
107684,97881
107786,97936
107778,97952
107750,97938
107727,97847
107823,97991
107963,98013
107878,98002
107870,97962
107821,97900
108021,98036
108049,98097
108037,98069
107997,97987
107970,97975
108114,98032
108073,98135
108130,98053
108075,98082
108029,97993
108213,98112
108268,98173
108236,98101
108216,98150
108195,98040
108320,98180
108393,98234
108373,98205
108374,98135
108285,98168
108500,98202
108502,98290
108472,98215
108549,98203
108485,98221
108629,98341
108708,98312
108678,98338
108663,98290
108613,98234
108784,98402
108835,98377
108783,98422
108762,98336
108803,98332
108907,98388
108954,98478
108927,98369
108900,98404
108882,98348
109010,98469
109049,98474
108966,98442
108896,98365
108839,98380
108870,98399
108896,98381
108746,98290
108488,98220
108343,98080
108362,98103
108192,98073
107959,97934
107752,97798
107611,97790
107560,97717
107405,97742
107271,97593
107133,97550
106977,97440
106906,97483
106889,97440
106718,97383
106610,97291
106526,97278
106549,97342
106508,97272
106426,97208
106323,97175
106210,97161
106294,97176
106252,97219
106179,97178
106133,97103
106160,97106
106239,97206
106179,97210
106195,97171
106109,97140
106129,97126
106252,97207
106217,97238
106195,97166
106138,97183
106217,97166
106278,97270
106321,97287
106352,97249
106323,97221
106291,97245
106433,97353
106491,97330
106482,97336
106470,97313
106483,97353
106693,97419
106698,97452
106713,97401
106734,97351
106774,97451
106948,97538
107009,97585
106985,97551
106995,97510
107097,97625
107248,97636
107267,97681
107198,97662
107186,97577
107278,97705
107416,97729
107364,97758
107363,97661
107280,97690
107395,97643
107382,97770
107429,97779
107351,97690
107353,97654
107375,97665
107472,97763
107381,97731
107382,97668
107324,97629
107308,97686
107456,97712
107400,97743
107383,97656
107276,97584
107364,97685
107391,97708
107348,97707
107406,97669
107268,97628
107365,97703
107467,97704
107458,97761
107467,97698
107347,97608
107475,97730
107577,97761
107547,97778
107519,97726
107475,97662
107592,97784
107638,97869
107662,97820
107579,97800
107574,97742
107730,97867
107730,97903
107768,97893
107800,97873
107665,97853
107802,97882
107869,97959
107906,97949
107875,97919
107813,97909
107946,97948
108077,98034
107975,97998
108014,98005
107923,97918
108075,98034
108180,98079
108110,98051
108122,98091
108100,97962
108244,98096
108297,98151
108213,98142
108293,98098
108193,98068
108328,98139
108351,98177
108367,98197
108382,98121
108322,98057
108390,98204
108503,98229
108432,98220
108442,98231
108376,98117
108570,98249
108586,98242
108556,98276
108557,98204
108467,98189
108633,98305
108628,98320
108690,98317
108632,98275
108628,98273
108754,98315
108787,98403
108785,98406
108766,98358
108751,98271
108906,98375
108979,98424
108965,98455
108925,98452
108916,98333
109062,98521
109167,98497
109128,98491
109102,98494
109046,98411
109218,98560
109342,98589
109238,98587
109241,98546
109232,98476
109423,98623
109477,98588
109358,98603
109376,98512
109229,98435
109294,98504
109221,98447
109047,98387
108849,98277
108633,98126
108579,98120
108462,98079
108175,97964
108000,97823
107852,97761
107808,97739
107665,97727
107541,97653
107380,97518
107209,97504
107270,97499
107142,97510
107010,97419
106963,97336
106880,97341
106939,97355
106859,97415
106828,97301
106753,97271
106684,97281
106730,97352
106779,97371
106740,97315
106672,97309
106651,97290
106755,97328
106811,97385
106742,97337
106777,97296
106725,97327
106816,97376
106869,97462
106866,97344
106808,97414
106799,97356
106969,97460
107004,97519
106935,97469
106934,97469
106945,97476
107125,97532
107176,97602
107121,97552
107112,97567
107134,97552
107331,97640
107391,97666
107368,97694
107386,97652
107413,97691
107621,97831
107635,97860
107657,97804
107677,97767
107722,97808
107772,97900
107831,97923
107867,97901
107772,97843
107840,97880
107966,97965
107912,97975
107890,97895
107815,97887
107839,97845
107892,97949
107853,97930
107853,97880
107782,97800
107795,97878
107870,97875
107826,97915
107807,97892
107739,97789
107728,97835
107788,97873
107846,97861
107781,97792
107686,97753
107708,97829
107769,97829
107793,97884
107733,97793
107687,97799
107716,97824
107761,97866
107773,97860
107786,97834
107667,97797
107813,97821
107905,97886
107833,97887
107868,97858
107742,97836
107914,97868
107920,97924
107942,97912
107975,97916
107886,97880
107995,97945
108085,97967
108098,98021
108087,98002
108034,97894
108196,98010
108228,98032
108249,98083
108235,98025
108221,97994
108300,98069
108401,98180
108402,98099
108377,98127
108375,98020
108485,98132
108514,98214
108605,98160
108531,98191
108530,98119
108598,98206
108729,98250
108735,98269
108755,98264
108696,98183
108846,98293
108903,98310
108894,98282
108876,98323
108809,98228
108976,98370
109002,98429
109020,98356
108941,98373
108953,98310
109004,98417
109123,98420
109065,98437
109155,98418
109052,98357
109150,98428
109294,98505
109201,98492
109256,98459
109147,98414
109330,98483
109337,98577
109296,98539
109370,98540
109251,98437
109395,98570
109470,98626
109430,98593
109463,98541
109392,98517
109509,98585
109518,98654
109452,98601
109513,98567
109414,98550
109465,98574
109496,98664
109421,98509
109333,98473
109091,98392
109123,98444
109002,98324
108834,98325
108631,98159
108413,98025
108316,98054
108191,97973
108036,97919
107824,97788
107593,97706
107586,97716
107520,97679
107371,97630
107242,97558
107057,97481
107076,97512
107086,97492
106937,97435
106772,97363
106638,97309
106739,97370
106664,97323
106621,97326
106509,97277
106389,97234
106541,97282
106466,97274
106412,97269
106331,97200
106334,97141
106348,97260
106442,97305
106318,97250
106322,97218
106317,97162
106388,97289
106393,97272
106401,97242
106333,97218
106345,97198
106491,97314
106469,97336
106493,97269
106497,97290
106411,97266
106612,97350
106687,97428
106644,97399
106665,97370
106698,97346
106810,97478
106887,97472
106888,97421
106913,97489
106993,97468
107080,97572
107188,97589
107183,97582
107098,97542
107139,97582
107327,97652
107274,97680
107264,97665
107267,97579
107230,97583
107375,97684
107389,97636
107340,97628
107280,97599
107255,97624
107397,97661
107340,97676
107284,97614
107283,97609
107288,97584
107302,97651
107349,97674
107289,97617
107262,97575
107218,97586
107310,97605
107332,97622
107279,97592
107290,97545
107315,97583
107364,97660
107423,97617
107375,97638
107284,97565
107365,97625
107461,97710
107511,97686
107422,97695
107439,97624
107440,97674
107577,97714
107553,97749
107599,97717
107499,97671
107605,97752
107671,97782
107724,97811
107701,97811
107670,97705
107776,97828
107912,97876
107862,97897
107888,97835
107836,97856
107980,97918
108081,97940
108133,97924
108133,97966
108124,97898
108173,98005
108337,98088
108297,98055
108315,98068
108246,97984
108414,98094
108454,98127
108455,98162
108458,98090
108367,98064
108532,98172
108574,98245
108611,98220
108607,98147
108543,98160
108702,98200
108711,98264
108770,98251
108768,98209
108660,98217
108830,98263
108888,98319
108936,98331
108873,98323
108860,98281
108985,98351
109069,98443
109122,98413
109068,98417
109062,98333
109184,98397
109284,98529
109304,98439
109274,98472
109278,98442
109426,98572
109502,98556
109460,98595
109469,98538
109387,98509
109565,98606
109574,98627
109549,98632
109587,98565
109492,98560
109581,98661
109669,98615
109614,98601
109482,98580
109330,98424
109395,98432
109301,98417
109093,98374
108938,98198
108730,98085
108592,98081
108507,98093
108275,97942
108050,97830
107819,97706
107820,97771
107736,97672
107525,97653
107442,97536
107211,97438
107288,97451
107175,97513
107109,97393
106971,97370
106834,97308
106934,97306
106870,97354
106784,97294
106786,97238
106677,97157
106732,97256
106755,97279
106753,97252
106658,97208
106636,97207
106742,97281
106756,97330
106782,97282
106761,97282
106727,97212
106782,97330
106864,97375
106846,97304
106812,97332
106779,97272
106971,97406
106968,97441
106946,97391
106955,97416
106965,97330
107094,97485
107149,97524
107129,97466
107147,97471
107084,97505
107223,97571
107334,97592
107303,97588
107339,97604
107322,97591
107528,97711
107546,97715
107560,97745
107577,97675
107620,97727
107752,97747
107776,97856
107801,97813
107729,97747
107784,97762
107876,97810
107830,97879
107810,97822
107834,97764
107814,97762
107879,97835
107897,97887
107787,97818
107736,97752
107740,97706
107797,97837
107804,97796
107759,97753
107669,97668
107652,97673
107718,97798
107701,97799
107671,97690
107598,97707
107596,97655
107677,97730
107641,97764
107623,97684
107538,97694
107585,97639
107646,97789
107680,97755
107634,97714
107591,97636
107622,97729
107746,97762
107682,97802
107685,97791
107657,97695
107716,97784
107754,97821
107822,97798
107737,97820
107718,97748
107758,97773
107860,97832
107883,97910
107879,97811
107790,97825
107846,97857
107914,97886
108000,97897
107890,97889
107916,97839
107921,97881
108024,97927
108057,97946
108023,97949
107922,97860
108050,97944
108088,97969
108071,97973
108129,97977
107977,97940
108110,97964
108156,98072
108163,98046
108157,97978
108058,97933
108172,97981
108179,98052
108252,98029
108157,98016
108110,97961
108232,98041
108234,98106
108326,98074
108216,98076
108203,98015
108288,98053
108302,98108
108288,98120
108344,98089
108227,98047
108393,98113
108443,98199
108426,98121
108450,98139
108314,98079
108436,98142
108532,98231
108492,98205
108453,98172
108381,98105
108540,98185
108615,98270
108526,98179
108518,98169
108447,98122
108469,98197
108586,98242
108447,98153
108416,98135
108220,98017
108244,97998
108207,98017
107968,97903
107884,97849
107611,97687
107580,97732
107517,97690
107348,97634
107160,97535
106950,97400
107002,97482
106904,97404
106735,97392
106625,97295
106384,97202
106452,97237
106422,97248
106308,97126
106215,97105
106025,97036
106093,97053
106070,97141
106004,97003
105989,97010
105796,96961
105885,97015
105937,97080
105873,96968
105846,97015
105728,96931
105898,97007
105885,97045
105878,96999
105916,97014
105773,96924
105929,97061
105942,97085
105932,97027
105952,97069
105907,96939
106043,97122
106099,97168
106103,97106
106112,97075
106074,97092
106223,97146
106235,97228
106257,97174
106310,97154
106296,97152
106395,97245
106539,97322
106523,97255
106571,97284
106523,97292
106694,97360
106801,97457
106738,97432
106756,97383
106770,97397
106881,97461
106972,97495
106944,97462
106856,97447
106877,97422
106961,97513
106989,97510
106920,97490
106939,97462
106834,97397
106993,97535
106980,97513
106972,97455
106893,97425
106850,97448
106973,97451
106908,97504
106938,97458
106854,97430
106804,97417
106959,97458
106974,97485
106874,97444
106838,97388
106841,97410
106854,97479
106961,97517
106906,97410
106892,97450
106856,97394
107006,97495
107013,97535
107008,97488
106961,97429
106943,97410
107034,97538
107122,97544
107135,97567
107036,97501
107118,97508
107236,97618
107227,97581
107252,97625
107209,97581
107276,97545
107388,97636
107430,97651
107445,97712
107366,97641
107459,97645
107594,97749
107553,97783
107603,97789
107550,97722
107647,97740
107728,97848
107840,97833
107833,97792
107825,97788
107864,97878
107995,97924
108040,97895
108094,97965
108060,97865
108075,97975
108222,97995
108340,98054
108319,98009
108293,98025
108389,98027
108457,98127
108535,98102
108562,98131
108502,98087
108636,98165
108729,98249
108792,98256
108762,98221
108757,98143
108824,98260
108993,98329
108937,98336
108998,98312
108981,98279
109091,98344
109229,98430
109200,98433
109263,98420
109195,98350
109332,98471
109376,98512
109456,98550
109438,98485
109368,98485
109500,98517
109549,98615
109587,98572
109582,98596
109481,98490
109582,98528
109658,98661
109580,98583
109599,98527
109409,98446
109469,98495
109378,98467
109209,98394
109026,98267
108774,98121
108703,98126
108612,98045
108321,97959
108183,97877
107894,97724
107904,97699
107714,97672
107613,97640
107457,97500
107233,97426
107306,97453
107236,97496
107093,97393
107036,97323
106832,97257
106889,97325
106912,97298
106865,97307
106807,97248
106632,97185
106765,97233
106791,97228
106728,97266
106649,97204
106586,97185
106705,97257
106765,97328
106751,97271
106671,97244
106664,97177
106754,97274
106832,97368
106802,97280
106780,97317
106767,97268
106831,97346
106930,97436
106946,97375
106897,97368
106891,97309
107053,97455
107080,97518
107081,97484
107105,97426
107055,97445
107233,97521
107239,97581
107256,97544
107317,97592
107299,97499
107497,97616
107550,97721
107545,97720
107598,97663
107539,97633
107706,97816
107774,97799
107712,97781
107766,97732
107723,97733
107802,97792
107841,97885
107786,97783
107759,97742
107759,97730
107808,97825
107806,97817
107817,97809
107748,97776
107676,97716
107819,97824
107775,97808
107791,97782
107706,97731
107660,97729
107743,97762
107742,97792
107721,97756
107651,97748
107666,97700
107701,97787
107710,97826
107723,97760
107715,97703
107625,97722
107778,97816
107767,97777
107749,97788
107746,97717
107746,97769
107830,97845
107906,97853
107882,97873
107861,97820
107803,97823
107979,97871
107994,97966
108006,97860
107969,97892
107987,97879
108097,97942
108149,97972
108117,97980
108070,97931
108144,97901
108257,98002
108254,98063
108255,97957
108274,97969
108280,98005
108327,98056
108350,98088
108401,98093
108309,98050
108364,98036
108444,98091
108514,98183
108479,98143
108422,98057
108495,98129
108586,98130
108603,98213
108584,98129
108530,98108
108605,98140
108664,98297
108707,98247
108667,98223
108630,98139
108706,98188
108756,98295
108776,98257
108746,98283
108768,98207
108757,98252
108877,98317
108916,98318
108870,98326
108827,98246
108937,98330
109043,98354
109035,98371
109052,98377
108926,98336
109068,98378
109114,98425
109165,98450
109108,98408
109017,98341
109125,98409
109224,98535
109196,98423
109207,98458
109084,98379
109200,98468
109209,98488
109243,98508
109154,98391
109003,98346
108989,98365
108996,98359
108898,98278
108689,98171
108457,98038
108372,98052
108261,97978
108117,97896
107942,97846
107622,97711
107648,97691
107558,97712
107373,97607
107262,97507
107083,97378
107002,97447
107000,97497
106831,97386
106769,97327
106591,97239
106606,97253
106610,97336
106509,97219
106478,97234
106358,97113
106355,97185
106393,97260
106302,97178
106294,97109
106240,97083
106274,97159
106346,97184
106314,97194
106234,97158
106154,97104
106323,97140
106388,97209
106275,97202
106325,97157
106249,97142
106414,97191
106407,97281
106409,97230
106474,97236
106395,97206
106564,97291
106639,97372
106590,97292
106614,97318
106537,97286
106653,97351
106790,97486
106798,97380
106802,97463
106754,97384
106991,97486
107045,97599
107029,97525
107114,97504
106995,97469
107211,97621
107262,97610
107275,97615
107214,97578
107152,97516
107331,97667
107341,97702
107308,97607
107254,97567
107230,97560
107318,97600
107354,97660
107348,97623
107254,97606
107196,97537
107317,97659
107361,97616
107266,97621
107245,97544
107210,97512
107285,97624
107289,97602
107309,97575
107215,97544
107135,97500
107317,97618
107276,97635
107251,97546
107217,97501
107188,97555
107337,97612
107362,97639
107289,97633
107238,97563
107212,97576
107318,97654
107399,97701
107413,97647
107364,97663
107334,97587
107430,97728
107543,97707
107514,97701
107431,97662
107467,97643
107608,97779
107660,97784
107566,97769
107572,97706
107613,97753
107714,97881
107759,97811
107737,97871
107727,97732
107736,97779
107836,97919
107915,97935
107842,97850
107869,97881
107854,97837
107980,97954
108026,98001
107983,97943
107953,97928
107955,97884
108028,98021
108083,97987
108129,98009
108029,97955
108109,97940
108189,98070
108260,98089
108216,98044
108183,97982
108185,98048
108326,98146
108325,98085
108345,98130
108284,98040
108347,98055
108507,98182
108435,98178
108508,98161
108398,98086
108489,98152
108562,98261
108619,98187
108594,98218
108536,98195
108632,98221
108684,98296
108750,98287
108733,98287
108650,98222
108774,98263
108839,98378
108817,98307
108859,98337
108817,98261
108801,98304
108924,98383
108885,98291
108868,98314
108712,98231
108717,98275
108793,98293
108623,98175
108531,98164
108272,97991
108239,97991
108118,97928
107965,97875
107818,97798
107512,97634
107471,97630
107399,97647
107234,97580
107140,97460
106850,97364
106795,97365
106844,97380
106709,97332
106551,97238
106402,97168
106397,97187
106362,97210
106312,97140
106192,97134
106048,97014
106148,97102
106152,97058
106089,97109
106032,97038
105973,96961
106014,97013
106081,97145
106028,97017
105992,97066
105897,96963
106005,97060
106083,97141
106089,97061
106013,97085
106010,97050
106071,97113
106194,97178
106137,97133
106194,97116
106126,97075
106210,97140
106336,97239
106325,97210
106262,97176
106278,97128
106417,97202
106410,97284
106509,97286
106486,97298
106472,97267
106637,97316
106686,97433
106725,97411
106710,97408
106686,97345
106882,97421
106894,97487
106948,97503
106947,97444
106886,97444
106982,97497
107075,97557
107020,97545
107003,97522
106943,97429
107016,97561
107074,97537
107045,97566
107029,97456
106959,97472
107091,97533
107048,97536
107051,97520
106975,97513
106896,97404
107068,97544
107077,97575
107005,97495
106995,97489
106891,97399
106998,97506
107054,97585
107035,97524
106936,97478
106922,97470
106986,97516
107077,97527
107054,97549
107012,97478
107012,97473
107119,97594
107140,97557
107106,97553
107123,97553
107072,97547
107218,97581
107256,97605
107254,97611
107193,97614
107231,97534
107354,97701
107347,97696
107371,97715
107359,97612
107354,97617
107444,97748
107513,97788
107491,97745
107493,97711
107488,97686
107650,97801
107650,97855
107674,97794
107688,97796
107619,97806
107781,97847
107819,97937
107833,97917
107785,97816
107742,97878
107893,97920
107968,97979
107935,97893
107870,97913
107938,97913
107970,97987
108069,98017
108034,97952
107970,97969
108013,97920
108123,98009
108120,98025
108138,98021
108081,98019
108111,97993
108239,98074
108242,98117
108193,98098
108178,98007
108239,98062
108266,98153
108280,98160
108328,98111
108249,98065
108304,98136
108423,98170
108454,98170
108384,98170
108368,98150
108432,98131
108536,98271
108503,98235
108471,98191
108446,98163
108514,98180
108560,98250
108603,98258
108582,98227
108524,98163
108573,98241
108646,98275
108671,98278
108571,98231
108478,98105
108464,98171
108487,98196
108349,98111
108114,97990
107913,97875
107864,97852
107752,97820
107593,97728
107429,97669
107169,97519
107147,97494
107083,97505
106897,97378
106749,97387
106549,97247
106490,97210
106439,97192
106351,97195
106245,97115
106027,97050
106046,97050
106086,97094
105917,97033
105880,96976
105746,96934
105791,96962
105820,97031
105792,96975
105751,96928
105577,96896
105722,96929
105700,96975
105680,96930
105715,96927
105577,96886
105754,96937
105750,97015
105778,96998
105774,96994
105659,96899
105772,96947
105873,97096
105881,96984
105862,96989
105821,96929
105912,97006
106019,97115
105947,97081
106004,97035
105915,97029
106055,97118
106202,97180
106175,97202
106219,97140
106130,97138
106354,97217
106409,97270
106369,97303
106436,97299
106387,97180
106519,97362
106663,97350
106606,97372
106631,97372
106536,97291
106691,97447
106766,97392
106678,97434
106698,97392
106612,97331
106714,97410
106794,97450
106727,97422
106758,97419
106673,97336
106753,97410
106808,97427
106723,97385
106756,97406
106627,97321
106723,97403
106812,97457
106767,97420
106714,97363
106650,97344
106753,97386
106808,97442
106755,97426
106696,97376
106668,97333
106792,97391
106843,97494
106787,97463
106754,97369
106713,97385
106845,97467
106871,97498
106855,97491
106851,97434
106861,97407
106983,97551
107015,97509
107004,97573
107000,97468
106991,97488
107107,97612
107172,97637
107145,97550
107147,97595
107136,97523
107265,97676
107245,97682
107326,97638
107268,97654
107238,97650
107443,97726
107413,97751
107438,97756
107388,97704
107391,97682
107535,97810
107594,97825
107605,97758
107600,97772
107527,97762
107673,97812
107709,97924
107706,97806
107715,97819
107631,97807
107832,97885
107822,97956
107849,97898
107759,97866
107808,97868
107887,97972
107930,97950
107940,97951
107860,97914
107888,97951
108025,97969
107986,98012
108032,98026
107932,97952
107989,97950
108089,98028
108157,98045
108089,98022
108108,97977
108072,98015
108202,98056
108226,98150
108185,98064
108196,98012
108245,98073
108306,98167
108362,98161
108316,98088
108323,98077
108357,98172
108475,98237
108446,98169
108486,98219
108398,98133
108500,98181
108552,98280
108543,98283
108584,98239
108480,98175
108537,98249
108586,98289
108596,98302
108550,98248
108465,98166
108470,98209
108541,98241
108384,98172
108273,98053
108100,97920
107946,97951
107948,97935
107758,97806
107558,97758
107262,97603
107253,97603
107169,97539
107008,97528
106882,97389
106671,97311
106577,97289
106570,97290
106386,97264
106319,97190
106109,97035
106132,97080
106143,97127
106011,97029
105906,97004
105768,96941
105811,96946
105836,97029
105699,96976
105736,96933
105591,96898
105686,96957
105732,96927
105691,96948
105606,96917
105560,96889
105686,96910
105714,97026
105749,96992
105703,96977
105612,96888
105722,96993
105874,97056
105794,97006
105789,97050
105691,96959
105874,97060
105929,97104
105940,97059
105928,97064
105879,96997
106002,97123
106116,97156
106092,97091
106109,97158
106047,97043
106179,97209
106297,97231
106349,97248
106350,97282
106286,97181
106442,97335
106559,97327
106514,97348
106519,97311
106444,97309
106656,97381
106618,97401
106650,97428
106636,97333
106578,97337
106686,97422
106730,97446
106624,97401
106698,97368
106572,97313
106722,97405
106724,97400
106689,97436
106677,97333
106549,97330
106704,97389
106725,97438
106643,97426
106681,97383
106549,97306
106717,97433
106728,97403
106700,97417
106655,97338
106596,97366
106739,97417
106724,97449
106771,97427
106692,97419
106657,97394
106813,97429
106794,97484
106802,97478
106749,97412
106750,97383
106901,97532
106893,97497
106933,97541
106925,97478
106847,97466
107017,97517
107005,97600
107081,97557
106998,97560
107003,97554
107122,97617
107234,97673
107180,97656
107169,97583
107122,97637
107311,97720
107346,97689
107366,97710
107327,97637
107323,97704
107474,97750
107478,97779
107542,97784
107468,97784
107472,97736
107569,97840
107620,97889
107654,97842
107576,97801
107606,97771
107732,97931
107785,97890
107712,97913
107735,97844
107689,97858
107854,97950
107906,97928
107825,97946
107833,97861
107833,97882
107935,98003
107970,97958
107905,98004
107931,97921
107934,97938
108085,98053
108054,98029
108073,98012
107999,97993
108018,97986
108123,98088
108169,98107
108196,98078
108072,98059
108185,98048
108242,98137
108340,98150
108284,98105
108198,98106
108278,98100
108347,98160
108428,98222
108370,98151
108309,98135
108415,98199
108472,98268
108567,98262
108454,98238
108469,98193
108532,98222
108602,98307
108594,98275
108632,98268
108577,98257
108566,98287
108692,98352
108685,98327
108669,98300
108522,98175
108562,98286
108598,98238
108445,98191
108353,98158
108099,98024
108060,98037
107946,97908
107769,97895
107608,97765
107329,97613
107320,97596
107184,97629
107086,97517
106848,97434
106656,97366
106646,97317
106592,97369
106441,97287
106379,97223
106150,97125
106148,97121
106166,97139
106053,97124
105972,97038
105818,96948
105859,97055
105882,97054
105796,97010
105762,96995
105658,96888
105730,97024
105821,96985
105759,96998
105709,97000
105646,96891
105713,96999
105842,97061
105759,97001
105719,96987
105738,96924
105845,97050
105866,97088
105837,97035
105923,97059
105827,96998
105961,97094
106049,97168
105970,97129
106008,97134
105949,97072
106132,97141
106169,97154
106193,97213
106175,97206
106157,97135
106287,97257
106370,97295
106442,97332
106401,97311
106398,97283
106577,97336
106578,97444
106592,97403
106670,97396
106620,97335
106699,97420
106769,97518
106741,97402
106756,97405
106695,97376
106759,97509
106809,97477
106801,97496
106803,97411
106664,97367
106809,97496
106861,97546
106796,97428
106753,97409
106705,97413
106821,97494
106805,97508
106815,97440
106715,97407
106714,97384
106786,97455
106823,97483
106839,97463
106790,97428
106712,97388
106815,97440
106839,97509
106833,97471
106840,97439
106790,97453
106887,97482
106995,97517
106911,97475
106897,97463
106877,97496
106984,97572
107090,97585
107034,97588
107063,97566
107066,97565
107151,97649
107212,97656
107181,97671
107240,97622
107178,97636
107313,97707
107404,97783
107382,97747
107346,97666
107355,97733
107508,97752
107558,97786
107515,97814
107479,97766
107518,97771
107625,97901
107707,97872
107690,97844
107618,97838
107645,97807
107781,97912
107866,97982
107805,97873
107798,97861
107801,97918
107899,98026
107993,97991
107900,97997
107949,97961
107946,97962
108068,98019
108086,98106
108099,98014
108007,98013
108090,98039
108184,98120
108169,98094
108181,98083
108100,98083
108115,98063
108215,98172
108262,98164
108308,98156
108240,98132
108276,98144
108346,98239
108417,98231
108358,98190
108336,98127
108376,98217
108508,98224
108459,98255
108491,98243
108423,98191
108492,98208
108590,98301
108618,98347
108630,98262
108531,98252
108610,98284
108755,98383
108709,98405
108701,98354
108703,98274
108775,98360
108838,98435
108823,98402
108762,98394
108755,98308
108801,98349
108845,98466
108778,98383
108734,98334
108644,98240
108577,98253
108538,98309
108411,98141
108225,98091
107977,97903
107903,97873
107773,97931
107643,97805
107432,97685
107239,97551
107174,97592
107104,97613
106983,97457
106832,97402
106595,97343
106592,97325
106608,97357
106431,97296
106339,97195
106165,97149
106246,97148
106206,97206
106103,97142
106000,97130
105876,97043
105992,97091
105995,97069
105968,97078
105891,97065
105798,96974
105886,97104
105987,97080
105877,97074
105911,97099
105820,97016
105953,97121
105993,97176
106009,97120
105981,97090
105940,97044
106047,97174
106106,97170
106116,97188
106058,97209
106078,97093
106194,97226
106233,97235
106295,97263
106264,97247
106196,97164
106343,97334
106454,97325
106480,97327
106510,97308
106429,97347
106650,97437
106722,97450
106750,97482
106718,97490
106655,97440
106905,97532
106916,97555
106872,97573
106935,97508
106871,97513
106964,97575
107032,97641
106944,97579
106979,97540
106930,97515
106992,97618
107055,97604
107026,97553
106989,97545
106895,97490
107018,97610
107042,97568
107014,97565
106923,97519
106866,97472
106977,97616
107049,97571
107001,97567
106891,97510
106900,97468
106954,97592
107032,97641
106963,97537
106968,97507
106929,97545
107034,97589
107089,97616
107012,97548
107040,97546
106999,97578
107069,97639
107180,97680
107139,97619
107145,97623
107105,97601
107254,97683
107292,97766
107265,97679
107215,97696
107285,97712
107365,97773
107456,97769
107404,97736
107436,97792
107435,97708
107516,97815
107655,97911
107575,97869
107599,97803
107559,97857
107672,97922
107748,97991
107719,97883
107730,97917
107772,97872
107802,97981
107904,98041
107877,97939
107859,97941
107853,97972
108026,98059
108030,98072
108069,98061
108001,97984
108003,98056
108137,98096
108131,98120
108173,98107
108087,98055
108112,98098
108274,98177
108266,98180
108228,98157
108193,98110
108298,98138
108390,98249
108385,98251
108337,98169
108327,98165
108374,98240
108506,98243
108484,98269
108538,98266
108436,98193
108544,98254
108647,98357
108662,98375
108658,98291
108561,98289
108639,98332
108774,98356
108740,98422
108767,98352
108708,98295
108773,98407
108909,98437
108887,98430
108860,98455
108843,98376
108930,98421
108960,98517
109007,98490
108998,98474
108887,98407
109016,98454
109033,98496
109011,98535
108973,98421
108874,98342
108851,98372
108854,98446
108714,98333
108523,98263
108342,98094
108292,98065
108093,98110
107984,97985
107807,97853
107501,97758
107474,97708
107342,97742
107237,97663
107066,97498
106855,97438
106881,97449
106761,97468
106608,97375
106568,97322
106402,97202
106365,97235
106388,97312
106293,97226
106202,97223
106064,97060
106072,97194
106165,97220
106062,97182
106012,97137
105949,97040
105964,97069
106041,97217
105998,97171
105957,97096
105900,97065
106034,97187
106057,97149
106005,97186
106023,97179
105959,97072
106126,97209
106126,97210
106170,97251
106182,97209
106115,97165
106186,97250
106281,97332
106320,97253
106270,97286
106245,97278
106406,97353
106431,97375
106508,97393
106500,97368
106484,97348
106642,97485
106699,97512
106729,97475
106759,97514
106762,97486
106876,97549
106922,97642
106936,97592
106949,97561
106924,97534
107081,97647
107053,97638
107031,97640
107019,97624
107005,97567
107090,97645
107168,97660
107081,97660
107073,97565
107015,97577
107082,97658
107094,97646
107083,97650
107035,97604
106971,97539
107082,97640
107091,97664
107085,97596
106988,97554
106978,97580
107124,97629
107115,97657
107041,97646
107067,97566
107006,97569
107094,97618
107185,97660
107131,97648
107112,97638
107055,97637
107237,97728
107245,97695
107192,97731
107171,97656
107208,97681
107280,97749
107373,97753
107306,97761
107314,97700
107307,97713
107479,97816
107433,97770
107434,97806
107456,97807
107440,97779
107594,97901
107599,97891
107595,97856
107607,97855
107650,97853
107724,97963
107758,97945
107811,97964
107736,97911
107799,97932
107885,98030
107964,98031
107925,98063
107937,97964
107928,97986
108081,98115
108050,98114
108125,98073
108069,98043
108114,98087
108235,98177
108264,98141
108259,98171
108162,98117
108267,98132
108306,98180
108352,98270
108362,98223
108328,98151
108321,98232
108433,98269
108471,98301
108484,98255
108391,98250
108464,98250
108562,98371
108608,98328
108583,98302
108496,98251
108651,98293
108673,98374
108702,98427
108664,98361
108664,98311
108729,98382
108797,98449
108808,98386
108775,98443
108728,98332
108847,98429
108938,98521
108942,98428
108895,98505
108879,98398
108953,98501
109065,98545
109057,98556
109001,98519
109015,98475
109123,98561
109186,98642
109173,98564
109153,98617
109090,98481
109160,98596
109272,98667
109210,98632
109220,98598
109128,98500
109158,98604
109141,98619
109065,98508
108921,98437
108708,98321
108653,98274
108519,98275
108322,98122
108146,98028
107862,97847
107764,97879
107712,97851
107454,97776
107360,97673
107089,97559
107111,97541
107001,97554
106904,97524
106772,97437
106558,97310
106603,97385
106584,97339
106409,97270
106342,97254
106230,97188
106220,97243
106226,97242
106174,97205
106153,97165
105986,97125
106119,97175
106094,97230
106083,97215
106029,97174
105983,97122
106070,97196
106130,97245
106065,97215
106119,97174
105994,97145
106126,97233
106218,97299
106207,97201
106161,97276
106132,97176
106254,97289
106338,97338
106336,97314
106271,97259
106275,97293
106452,97343
106484,97412
106438,97379
106502,97363
106450,97345
106633,97492
106723,97487
106733,97472
106782,97513
106774,97479
106914,97585
106945,97648
106958,97586
106978,97568
106921,97565
107118,97680
107192,97692
107059,97661
107084,97655
107027,97597
107166,97700
107154,97697
107169,97697
107102,97610
107005,97610
107148,97665
107220,97716
107140,97656
107094,97573
107088,97574
107151,97622
107199,97713
107087,97645
107103,97600
107014,97611
107168,97696
107146,97648
107120,97650
107075,97590
107064,97612
107192,97680
107208,97724
107162,97634
107146,97642
107072,97625
107226,97726
107251,97717
107222,97681
107152,97687
107220,97679
107323,97720
107312,97790
107346,97775
107256,97729
107306,97751
107445,97804
107447,97870
107410,97857
107447,97784
107437,97759
107555,97896
107654,97906
107572,97915
107545,97827
107659,97883
107766,97956
107736,97996
107768,97994
107693,97928
107792,97950
107857,98070
107945,98031
107897,97978
107886,98017
107950,98004
108070,98078
108024,98145
108084,98121
108048,98030
108068,98116
108185,98209
108249,98171
108165,98135
108149,98133
108250,98155
108303,98223
108342,98234
108323,98221
108305,98147
108311,98225
108456,98325
108415,98267
108492,98278
108407,98173
108422,98281
108590,98364
108562,98295
108545,98307
108489,98220
108610,98287
108625,98400
108714,98361
108661,98320
108613,98289
108730,98358
108753,98439
108768,98378
108785,98427
108766,98347
108799,98415
108918,98528
108882,98480
108921,98489
108841,98398
108939,98489
109058,98566
108983,98536
109031,98565
108975,98440
109076,98578
109188,98660
109168,98589
109128,98585
109083,98547
109233,98593
109243,98658
109239,98650
109241,98591
109085,98513
109182,98623
109204,98593
109079,98554
108930,98484
108751,98287
108658,98288
108558,98302
108324,98182
108112,98044
107923,97881
107844,97945
107702,97875
107562,97816
107400,97732
107147,97587
107193,97603
107107,97574
106894,97514
106833,97480
106624,97333
106684,97412
106654,97405
106474,97328
106425,97349
106287,97175
106360,97278
106320,97313
106315,97265
106243,97239
106069,97150
106231,97217
106210,97273
106192,97201
106184,97220
106083,97140
106208,97275
106191,97261
106198,97283
106225,97201
106147,97177
106270,97304
106349,97335
106364,97297
106271,97278
106298,97267
106452,97361
106424,97375
106512,97366
106426,97343
106454,97343
106608,97406
106630,97470
106656,97452
106683,97417
106661,97395
106792,97558
106935,97592
106960,97593
106955,97551
106988,97578
107119,97659
107219,97753
107223,97675
107202,97675
107193,97685
107334,97758
107377,97740
107292,97773
107315,97705
107283,97676
107344,97763
107413,97775
107326,97780
107346,97712
107264,97683
107384,97752
107418,97816
107337,97747
107305,97710
107277,97649
107330,97774
107340,97790
107326,97725
107234,97676
107257,97682
107311,97756
107365,97752
107246,97739
107236,97631
107245,97693
107364,97755
107327,97700
107315,97766
107257,97680
107308,97693
107376,97801
107440,97835
107427,97741
107328,97756
107381,97779
107550,97841
107556,97873
107520,97809
107485,97746
107540,97843
